73
16
16
256
102
0 0 0 0 0 0 0 0 0 0 0 0 0 0 0 0 0 0 0 0 0 0 0 0 0 0 0 0 0 0 0 0 0 0 0 0 0 0 0 0 0 0 0 0 0 0 0 0 0 0 0 0 0 0 0 0 0 0 0 0 0 0 0 0 0 0 0 0 0 0 0 0 0 0 0 0 0 0 0 0 0 0 0 0 0 0 0 0 0 0 0 0 0 0 0 0 0 0 0 0 0 0 0 0 0 0 0 0 0 0 0 0 0 0 0 0 0 0 0 0 0 0 0 0 0 0 0 0 0 0 0 0 0 0 0 0 0 0 0 0 0 0 0 0 0 0 0 0 0 0 0 0 0 0 0 0 0 0 0 0 0 0 0 0 0 0 0 0 0 0 0 0 0 0 0 0 0 0 0 0 0 0 0 0 0 0 0 0 0 0 0 0 0 0 0 0 0 0 0 0 0 0 0 0 0 0 0 0 0 0 0 0 0 0 0 0 0 0 0 0 0 0 0 0 0 0 0 0 0 0 0 0 0 0 0 0 0 0 0 0 0 0 0 0 0 0 0 0 0 0 0 0 0 0 0 0 
0 0 0 0 0 0 0 0 0 0 0 0 0 0 0 0 0 0 0 0 0 0 0 0 0 0 0 0 0 0 0 0 0 0 0 0 0 0 0 0 0 0 0 0 0 0 0 0 0 0 0 0 0 0 0 0 0 0 0 0 0 0 0 0 0 0 0 0 0 0 0 0 0 0 0 0 0 0 0 0 0 0 0 0 0 0 0 0 0 0 0 0 0 0 0 0 0 0 0 0 0 0 0 0 0 0 0 0 0 0 0 0 0 0 0 0 0 0 0 0 0 0 0 0 0 0 0 0 0 0 0 0 0 0 0 0 0 0 0 0 0 0 0 0 0 0 0 0 0 0 0 0 0 0 0 0 0 0 0 0 0 0 0 0 0 0 0 0 0 0 0 0 0 0 0 0 0 0 0 0 0 0 0 0 0 0 0 0 0 0 0 0 0 0 0 0 0 0 0 0 0 0 0 0 0 0 0 0 0 0 0 0 0 0 0 0 0 0 0 0 0 0 0 0 0 0 0 0 0 0 0 0 0 0 0 0 0 0 0 0 0 0 0 0 0 0 0 0 0 0 0 0 0 0 0 0 
0 0 0 0 0 0 0 0 0 0 0 0 0 0 0 0 0 0 0 0 0 0 0 0 0 0 0 0 0 0 0 0 0 0 0 0 0 0 0 0 0 0 0 0 0 0 0 0 0 0 0 0 0 0 0 0 0 0 0 0 0 0 0 0 0 0 0 0 0 0 0 0 0 0 0 0 0 0 0 0 0 0 0 0 0 0 0 0 0 0 0 0 0 0 0 0 0 0 0 0 0 0 0 0 0 0 0 0 0 0 0 0 0 0 0 0 0 0 0 0 0 0 0 0 0 0 0 0 0 0 0 0 0 0 0 0 0 0 0 0 0 0 0 0 0 0 0 0 0 0 0 0 0 0 0 0 0 0 0 0 0 0 0 0 0 0 0 0 0 0 0 0 0 0 0 0 0 0 0 0 0 0 0 0 0 0 0 0 0 0 0 0 0 0 0 0 0 0 0 0 0 0 0 0 0 0 0 0 0 0 0 0 0 0 0 0 0 0 0 0 0 0 0 0 0 0 0 0 0 0 0 0 0 0 0 0 0 0 0 0 0 0 0 0 0 0 0 0 0 0 0 0 0 0 0 0 
0 0 0 0 0 0 0 0 0 0 0 0 0 0 0 0 0 0 0 0 0 0 0 0 0 0 0 0 0 0 0 0 0 0 0 0 0 0 0 0 0 0 0 0 0 0 0 0 0 0 0 0 0 0 0 0 0 0 0 0 0 0 0 0 0 0 0 0 0 0 0 0 0 0 0 0 0 0 0 0 0 0 0 0 0 0 0 0 0 0 0 0 0 0 0 0 0 0 0 0 0 0 0 0 0 0 0 0 0 0 0 0 0 0 0 0 0 0 0 0 0 0 0 0 0 0 0 0 0 0 0 0 0 0 0 0 0 0 0 0 0 0 0 0 0 0 0 0 0 0 0 0 0 0 0 0 0 0 0 0 0 0 0 0 0 0 0 0 0 0 0 0 0 0 0 0 0 0 0 0 0 0 0 0 0 0 0 0 0 0 0 0 0 0 0 0 0 0 0 0 0 0 0 0 0 0 0 0 0 0 0 0 0 0 0 0 0 0 0 0 0 0 0 0 0 0 0 0 0 0 0 0 0 0 0 0 0 0 0 0 0 0 0 0 0 0 0 0 0 0 0 0 0 0 0 0 
0 0 0 0 0 0 0 0 0 0 0 0 0 0 0 0 0 0 0 0 0 0 0 0 0 0 0 0 0 0 0 0 0 0 0 0 0 0 0 0 0 0 0 0 0 0 0 0 0 0 0 0 0 0 0 0 0 0 0 0 0 0 0 0 0 0 0 0 0 0 0 0 0 0 0 0 0 0 0 0 0 0 0 0 0 0 0 0 0 0 0 0 0 0 0 0 0 0 0 0 0 0 0 0 0 0 0 0 0 0 0 0 0 0 0 0 0 0 0 0 0 0 0 0 0 0 0 0 0 0 0 0 0 0 0 0 0 0 0 0 0 0 0 0 0 0 0 0 0 0 0 0 0 0 0 0 0 0 0 0 0 0 0 0 0 0 0 0 0 0 0 0 0 0 0 0 0 0 0 0 0 0 0 0 0 0 0 0 0 0 0 0 0 0 0 0 0 0 0 0 0 0 0 0 0 0 0 0 0 0 0 0 0 0 0 0 0 0 0 0 0 0 0 0 0 0 0 0 0 0 0 0 0 0 0 0 0 0 0 0 0 0 0 0 0 0 0 0 0 0 0 0 0 0 0 0 
0 0 0 0 0 0 0 0 0 0 0 0 0 0 0 0 0 0 0 0 0 0 0 0 0 0 0 0 0 0 0 0 0 0 0 0 0 0 0 0 0 0 0 0 0 0 0 0 0 0 0 0 0 0 0 0 0 0 0 0 0 0 0 0 0 0 0 0 0 0 0 0 0 0 0 0 0 0 0 0 0 0 0 0 0 0 0 0 0 0 0 0 0 0 0 0 0 0 0 0 0 0 0 0 0 0 0 0 0 0 0 0 0 0 0 0 0 0 0 0 0 0 0 0 0 0 0 0 0 0 0 0 0 0 0 0 0 0 0 0 0 0 0 0 0 0 0 0 0 0 0 0 0 0 0 0 0 0 0 0 0 0 0 0 0 0 0 0 0 0 0 0 0 0 0 0 0 0 0 0 0 0 0 0 0 0 0 0 0 0 0 0 0 0 0 0 0 0 0 0 0 0 0 0 0 0 0 0 0 0 0 0 0 0 0 0 0 0 0 0 0 0 0 0 0 0 0 0 0 0 0 0 0 0 0 0 0 0 0 0 0 0 0 0 0 0 0 0 0 0 0 0 0 0 0 0 
1 2 1 2 0 0 0 0 0 0 0 0 0 3 4 0 0 0 0 0 0 0 0 0 5 6 7 0 8 9 8 9 8 9 8 9 8 9 8 9 8 9 8 9 8 9 8 9 8 9 8 9 8 9 8 9 8 9 8 9 8 9 8 9 8 9 8 9 8 9 8 9 8 9 8 9 8 9 8 9 8 9 8 9 8 9 8 9 8 9 8 9 1 2 1 2 0 0 0 0 0 0 0 0 0 0 0 0 0 0 0 0 0 0 0 0 0 0 0 0 0 0 0 0 0 0 0 0 0 0 0 0 0 0 0 0 0 0 0 0 0 0 0 0 0 0 0 0 0 0 0 0 0 0 0 0 0 0 0 0 0 0 0 0 0 0 0 0 0 0 0 0 0 0 0 0 0 0 0 0 0 0 0 0 0 0 0 0 0 0 0 0 0 0 0 0 0 0 0 0 0 0 0 0 0 0 0 0 0 0 0 0 0 0 0 0 0 0 0 0 0 0 0 0 0 0 0 0 0 0 0 0 0 0 0 0 0 0 0 0 0 0 0 0 0 0 0 0 0 0 0 0 0 0 0 0 
10 11 10 11 0 0 0 0 0 0 0 0 3 12 12 4 0 0 0 0 0 0 0 0 5 6 7 0 13 14 14 13 13 14 14 13 13 14 14 13 13 14 14 13 13 14 14 13 13 14 14 13 13 14 14 13 13 14 14 13 13 14 14 13 13 14 14 13 13 14 14 13 13 14 14 13 13 14 14 13 13 14 14 13 13 14 14 13 13 14 14 13 10 11 10 11 0 0 0 0 0 0 0 0 0 0 0 0 0 0 0 0 0 0 0 0 0 0 0 0 0 0 0 0 0 0 0 0 0 0 0 0 0 0 0 0 0 0 0 0 0 0 0 0 0 0 0 0 0 0 0 0 0 0 0 0 0 0 0 0 0 0 0 0 0 0 0 0 0 0 0 0 0 0 0 0 0 0 0 0 0 0 0 0 0 0 0 0 0 0 0 0 0 0 0 0 0 0 0 0 0 0 0 0 0 0 0 0 0 0 0 0 0 0 0 0 0 0 0 0 0 0 0 0 0 0 0 0 0 0 0 0 0 0 0 0 0 0 0 0 0 0 0 0 0 0 0 0 0 0 0 0 0 0 0 0 
1 2 1 2 0 0 0 0 0 0 0 0 12 12 12 12 0 0 0 0 0 0 0 0 5 6 7 0 13 13 14 14 13 13 14 14 15 16 17 18 5 6 19 20 15 16 17 18 9 8 9 21 15 16 17 18 9 8 9 21 15 16 17 18 9 8 9 21 15 16 17 18 9 8 9 21 15 16 17 18 9 8 9 21 15 16 17 18 9 22 9 22 1 2 1 2 0 0 0 0 0 0 0 0 0 0 0 0 0 0 0 0 0 0 0 0 0 0 0 0 0 0 0 0 0 0 0 0 0 0 0 0 0 0 0 0 0 0 0 0 0 0 0 0 0 0 0 0 0 0 0 0 0 0 0 0 0 0 0 0 0 0 0 0 0 0 0 0 0 0 0 0 0 0 0 0 0 0 0 0 0 0 0 0 0 0 0 0 0 0 0 0 0 0 0 0 0 0 0 0 0 0 0 0 0 0 0 0 0 0 0 0 0 0 0 0 0 0 0 0 0 0 0 0 0 0 0 0 0 0 0 0 0 0 0 0 0 0 0 0 0 0 0 0 0 0 0 0 0 0 0 0 0 0 0 0 
10 11 10 11 0 0 0 0 0 0 0 0 12 12 12 12 0 0 0 0 0 0 0 0 5 6 7 0 14 13 13 13 14 13 13 13 0 0 0 23 24 25 26 27 0 0 0 23 28 8 29 27 0 0 0 23 28 8 29 27 0 0 0 23 28 8 29 27 0 0 0 23 28 8 29 27 0 0 0 23 28 8 29 27 0 0 0 23 8 9 8 9 10 11 10 11 0 0 0 0 0 0 0 0 0 0 0 0 0 0 0 0 0 0 0 0 0 0 0 0 0 0 0 0 0 0 0 0 0 0 0 0 0 0 0 0 0 0 0 0 0 0 0 0 0 0 0 0 0 0 0 0 0 0 0 0 0 0 0 0 0 0 0 0 0 0 0 0 0 0 0 0 0 0 0 0 0 0 0 0 0 0 0 0 0 0 0 0 0 0 0 0 0 0 0 0 0 0 0 0 0 0 0 0 0 0 0 0 0 0 0 0 0 0 0 0 0 0 0 0 0 0 0 0 0 0 0 0 0 0 0 0 0 0 0 0 0 0 0 0 0 0 0 0 0 0 0 0 0 0 0 0 0 0 0 0 
1 2 1 2 0 0 0 0 0 3 4 0 12 12 12 12 0 3 4 0 0 0 0 0 5 6 7 0 8 9 8 9 8 9 8 9 0 0 0 0 5 6 7 0 0 0 0 0 5 6 7 0 0 0 0 0 5 6 7 0 0 0 0 0 5 6 7 0 0 0 0 0 5 6 7 0 0 0 0 0 5 6 7 0 0 0 0 0 9 22 9 22 1 2 1 2 0 0 0 0 0 0 0 0 0 0 0 0 0 0 0 0 0 0 0 0 0 0 0 0 0 0 0 0 0 0 0 0 0 0 0 0 0 0 0 0 0 0 0 0 0 0 0 0 0 0 0 0 0 0 0 0 0 0 0 0 0 0 0 0 0 0 0 0 0 0 0 0 0 0 0 0 0 0 0 0 0 0 0 0 0 0 0 0 0 0 0 0 0 0 0 0 0 0 0 0 0 0 0 0 0 0 0 0 0 0 0 0 0 0 0 0 0 0 0 0 0 0 0 0 0 0 0 0 0 0 0 0 0 0 0 0 0 0 0 0 0 0 0 0 0 0 0 0 0 0 0 0 0 0 0 0 0 0 0 0 
10 11 10 11 0 0 0 0 0 12 12 0 12 12 12 12 0 12 12 0 0 0 0 0 5 6 7 0 13 14 14 13 13 14 14 13 0 0 0 0 5 6 7 0 0 0 0 0 5 6 7 0 0 0 0 0 5 6 7 0 0 0 0 0 5 6 7 0 0 0 0 0 5 6 7 0 0 0 0 0 5 6 7 0 0 0 0 0 8 9 8 9 10 11 10 11 0 0 0 0 0 0 0 0 0 0 0 0 0 0 0 0 0 0 0 0 0 0 0 0 0 0 0 0 0 0 0 0 0 0 0 0 0 0 0 0 0 0 0 0 0 0 0 0 0 0 0 0 0 0 0 0 0 0 0 0 0 0 0 0 0 0 0 0 0 0 0 0 0 0 0 0 0 0 0 0 0 0 0 0 0 0 0 0 0 0 0 0 0 0 0 0 0 0 0 0 0 0 0 0 0 0 0 0 0 0 0 0 0 0 0 0 0 0 0 0 0 0 0 0 0 0 0 0 0 0 0 0 0 0 0 0 0 0 0 0 0 0 0 0 0 0 0 0 0 0 0 0 0 0 0 0 0 0 0 0 
1 2 1 2 0 0 0 0 0 12 12 0 12 12 12 12 0 12 12 0 0 0 0 0 5 6 7 0 9 22 9 22 9 22 9 22 0 30 31 0 5 6 7 0 0 30 31 0 5 6 7 0 0 30 31 0 5 6 7 0 0 30 31 0 5 6 7 0 0 30 31 0 5 6 7 0 0 30 31 0 5 6 7 0 0 30 31 0 9 22 9 22 1 2 1 2 0 0 0 0 0 0 0 0 0 0 0 0 0 0 0 0 0 0 0 0 0 0 0 0 0 0 0 0 0 0 0 0 0 0 0 0 0 0 0 0 0 0 0 0 0 0 0 0 0 0 0 0 0 0 0 0 0 0 0 0 0 0 0 0 0 0 0 0 0 0 0 0 0 0 0 0 0 0 0 0 0 0 0 0 0 0 0 0 0 0 0 0 0 0 0 0 0 0 0 0 0 0 0 0 0 0 0 0 0 0 0 0 0 0 0 0 0 0 0 0 0 0 0 0 0 0 0 0 0 0 0 0 0 0 0 0 0 0 0 0 0 0 0 0 0 0 0 0 0 0 0 0 0 0 0 0 0 0 0 0 
10 11 10 11 0 0 0 0 0 12 12 0 12 12 12 12 0 12 12 0 0 0 0 0 5 6 7 0 8 9 8 9 8 9 8 9 0 32 33 0 5 6 7 0 0 32 33 0 5 6 7 0 0 32 33 0 5 6 7 0 0 32 33 0 5 6 7 0 0 32 33 0 5 6 7 0 0 32 33 0 5 6 7 0 0 32 33 0 8 9 8 9 10 11 10 11 0 0 0 0 0 0 0 0 0 0 0 0 0 0 0 0 0 0 0 0 0 0 0 0 0 0 0 0 0 0 0 0 0 0 0 0 0 0 0 0 0 0 0 0 0 0 0 0 0 0 0 0 0 0 0 0 0 0 0 0 0 0 0 0 0 0 0 0 0 0 0 0 0 0 0 0 0 0 0 0 0 0 0 0 0 0 0 0 0 0 0 0 0 0 0 0 0 0 0 0 0 0 0 0 0 0 0 0 0 0 0 0 0 0 0 0 0 0 0 0 0 0 0 0 0 0 0 0 0 0 0 0 0 0 0 0 0 0 0 0 0 0 0 0 0 0 0 0 0 0 0 0 0 0 0 0 0 0 0 0 
1 2 1 2 0 3 4 0 0 12 12 0 12 12 12 12 0 12 12 0 0 3 4 0 5 6 7 0 9 22 9 22 9 22 9 22 0 34 33 0 5 6 7 0 0 34 33 0 5 6 7 0 0 34 33 0 5 6 7 0 0 34 33 0 5 6 7 0 0 34 33 0 5 6 7 0 0 34 33 0 5 6 7 0 0 34 33 0 9 22 9 22 1 2 1 2 0 0 0 0 0 0 0 0 0 0 0 0 0 0 0 0 0 0 0 0 0 0 0 0 0 0 0 0 0 0 0 0 0 0 0 0 0 0 0 0 0 0 0 0 0 0 0 0 0 0 0 0 0 0 0 0 0 0 0 0 0 0 0 0 0 0 0 0 0 0 0 0 0 0 0 0 0 0 0 0 0 0 0 0 0 0 0 0 0 0 0 0 0 0 0 0 0 0 0 0 0 0 0 0 0 0 0 0 0 0 0 0 0 0 0 0 0 0 0 0 0 0 0 0 0 0 0 0 0 0 0 0 0 0 0 0 0 0 0 0 0 0 0 0 0 0 0 0 0 0 0 0 0 0 0 0 0 0 0 0 
10 11 10 11 0 12 12 0 0 12 12 0 12 12 12 12 0 12 12 0 0 12 12 0 5 6 7 0 8 9 8 9 8 9 8 9 0 34 33 0 5 6 7 0 0 34 33 0 5 6 7 0 0 34 33 0 5 6 7 0 0 34 33 0 5 6 7 0 0 34 33 0 5 6 7 0 0 34 33 0 5 6 7 0 0 34 33 0 8 9 8 9 10 11 10 11 0 0 0 0 0 0 0 0 0 0 0 0 0 0 0 0 0 0 0 0 0 0 0 0 0 0 0 0 0 0 0 0 0 0 0 0 0 0 0 0 0 0 0 0 0 0 0 0 0 0 0 0 0 0 0 0 0 0 0 0 0 0 0 0 0 0 0 0 0 0 0 0 0 0 0 0 0 0 0 0 0 0 0 0 0 0 0 0 0 0 0 0 0 0 0 0 0 0 0 0 0 0 0 0 0 0 0 0 0 0 0 0 0 0 0 0 0 0 0 0 0 0 0 0 0 0 0 0 0 0 0 0 0 0 0 0 0 0 0 0 0 0 0 0 0 0 0 0 0 0 0 0 0 0 0 0 0 0 0 0 
0 35 36 22 0 12 12 0 0 12 12 0 0 0 0 0 0 12 12 0 0 12 12 0 5 6 7 0 9 22 9 22 9 22 9 22 0 32 33 0 5 6 7 0 0 32 33 0 5 6 7 0 0 32 33 0 5 6 7 0 0 32 33 0 5 6 7 0 0 32 33 0 5 6 7 0 0 32 33 0 5 6 7 0 0 32 33 0 9 22 9 22 1 2 1 2 0 0 0 0 0 0 0 0 0 0 0 0 0 0 0 0 0 0 0 0 0 0 0 0 0 0 0 0 0 0 0 0 0 0 0 0 0 0 0 0 0 0 0 0 0 0 0 0 0 0 0 0 0 0 0 0 0 0 0 0 0 0 0 0 0 0 0 0 0 0 0 0 0 0 0 0 0 0 0 0 0 0 0 0 0 0 0 0 0 0 0 0 0 0 0 0 0 0 0 0 0 0 0 0 0 0 0 0 0 0 0 0 0 0 0 0 0 0 0 0 0 0 0 0 0 0 0 0 0 0 0 0 0 0 0 0 0 0 0 0 0 0 0 0 0 0 0 0 0 0 0 0 0 0 0 0 0 0 0 0 
0 37 38 9 0 12 12 0 0 12 12 0 0 0 0 0 0 12 12 0 0 12 12 0 5 6 7 0 8 9 8 9 8 9 8 9 0 32 33 0 5 6 7 0 0 32 33 0 5 6 7 0 0 32 33 0 5 6 7 0 0 32 33 0 5 6 7 0 0 32 33 0 5 6 7 0 0 32 33 0 5 6 7 0 0 32 33 0 8 9 8 9 10 11 10 11 0 0 0 0 0 0 0 0 0 0 0 0 0 0 0 0 0 0 0 0 0 0 0 0 0 0 0 0 0 0 0 0 0 0 0 0 0 0 0 0 0 0 0 0 0 0 0 0 0 0 0 0 0 0 0 0 0 0 0 0 0 0 0 0 0 0 0 0 0 0 0 0 0 0 0 0 0 0 0 0 0 0 0 0 0 0 0 0 0 0 0 0 0 0 0 0 0 0 0 0 0 0 0 0 0 0 0 0 0 0 0 0 0 0 0 0 0 0 0 0 0 0 0 0 0 0 0 0 0 0 0 0 0 0 0 0 0 0 0 0 0 0 0 0 0 0 0 0 0 0 0 0 0 0 0 0 0 0 0 0 
0 35 39 36 0 12 12 0 0 12 12 0 0 0 0 0 0 12 12 0 0 12 12 0 5 6 7 0 9 22 9 22 9 22 9 22 0 34 33 0 5 6 7 0 0 34 33 0 5 6 7 0 0 34 33 0 5 6 7 0 0 34 33 0 5 6 7 0 0 34 33 0 5 6 7 0 0 34 33 0 5 6 7 0 0 34 33 0 9 22 9 22 1 2 1 2 0 0 0 0 0 0 0 0 0 0 0 0 0 0 0 0 0 0 0 0 0 0 0 0 0 0 0 0 0 0 0 0 0 0 0 0 0 0 0 0 0 0 0 0 0 0 0 0 0 0 0 0 0 0 0 0 0 0 0 0 0 0 0 0 0 0 0 0 0 0 0 0 0 0 0 0 0 0 0 0 0 0 0 0 0 0 0 0 0 0 0 0 0 0 0 0 0 0 0 0 0 0 0 0 0 0 0 0 0 0 0 0 0 0 0 0 0 0 0 0 0 0 0 0 0 0 0 0 0 0 0 0 0 0 0 0 0 0 0 0 0 0 0 0 0 0 0 0 0 0 0 0 0 0 0 0 0 0 0 0 
0 40 41 42 0 12 12 0 0 12 12 0 0 0 0 0 0 12 12 0 0 12 12 0 5 6 7 0 8 9 8 9 8 9 8 9 0 34 33 0 5 6 7 0 0 34 33 0 5 6 7 0 0 34 33 0 5 6 7 0 0 34 33 0 5 6 7 0 0 34 33 0 5 6 7 0 0 34 33 0 5 6 7 0 0 34 33 0 8 9 8 9 10 11 10 11 0 0 0 0 0 0 0 0 0 0 0 0 0 0 0 0 0 0 0 0 0 0 0 0 0 0 0 0 0 0 0 0 0 0 0 0 0 0 0 0 0 0 0 0 0 0 0 0 0 0 0 0 0 0 0 0 0 0 0 0 0 0 0 0 0 0 0 0 0 0 0 0 0 0 0 0 0 0 0 0 0 0 0 0 0 0 0 0 0 0 0 0 0 0 0 0 0 0 0 0 0 0 0 0 0 0 0 0 0 0 0 0 0 0 0 0 0 0 0 0 0 0 0 0 0 0 0 0 0 0 0 0 0 0 0 0 0 0 0 0 0 0 0 0 0 0 0 0 0 0 0 0 0 0 0 0 0 0 0 0 
0 37 43 44 45 46 45 46 45 46 45 46 0 0 0 0 45 46 45 46 45 46 45 46 5 6 7 0 1 2 1 2 1 2 1 2 1 2 1 2 1 2 1 2 1 2 1 2 1 2 1 2 1 2 1 2 1 2 1 2 1 2 1 2 1 2 1 2 1 2 1 2 1 2 1 2 1 2 1 2 1 2 1 2 1 2 1 2 9 22 9 22 1 2 1 2 0 0 0 0 0 0 0 0 0 0 0 0 0 0 0 0 0 0 0 0 0 0 0 0 0 0 0 0 0 0 0 0 0 0 0 0 0 0 0 0 0 0 0 0 0 0 0 0 0 0 0 0 0 0 0 0 0 0 0 0 0 0 0 0 0 0 0 0 0 0 0 0 0 0 0 0 0 0 0 0 0 0 0 0 0 0 0 0 0 0 0 0 0 0 0 0 0 0 0 0 0 0 0 0 0 0 0 0 0 0 0 0 0 0 0 0 0 0 0 0 0 0 0 0 0 0 0 0 0 0 0 0 0 0 0 0 0 0 0 0 0 0 0 0 0 0 0 0 0 0 0 0 0 0 0 0 0 0 0 0 
0 35 41 43 46 45 39 45 46 45 39 45 0 0 0 0 46 45 39 45 46 45 39 45 5 6 7 0 10 11 10 11 10 11 10 11 10 11 10 11 10 11 10 11 10 11 10 11 10 11 10 11 10 11 10 11 10 11 10 11 10 11 10 11 10 11 10 11 10 11 10 11 10 11 10 11 10 11 10 11 10 11 10 11 10 11 10 11 8 9 8 9 10 11 10 11 0 0 0 0 0 0 0 0 0 0 0 0 0 0 0 0 0 0 0 0 0 0 0 0 0 0 0 0 0 0 0 0 0 0 0 0 0 0 0 0 0 0 0 0 0 0 0 0 0 0 0 0 0 0 0 0 0 0 0 0 0 0 0 0 0 0 0 0 0 0 0 0 0 0 0 0 0 0 0 0 0 0 0 0 0 0 0 0 0 0 0 0 0 0 0 0 0 0 0 0 0 0 0 0 0 0 0 0 0 0 0 0 0 0 0 0 0 0 0 0 0 0 0 0 0 0 0 0 0 0 0 0 0 0 0 0 0 0 0 0 0 0 0 0 0 0 0 0 0 0 0 0 0 0 0 0 0 0 0 0 
1 2 1 2 1 2 1 2 1 2 1 2 1 2 1 2 1 2 1 2 1 2 1 2 1 2 1 2 9 22 9 22 9 22 9 22 9 22 9 22 9 22 9 22 9 22 9 22 9 22 9 22 9 22 9 22 9 22 9 22 9 22 9 22 9 22 9 22 9 22 9 22 9 22 9 22 9 22 9 22 9 22 9 22 9 22 9 22 47 48 1 2 1 2 1 2 0 0 0 0 0 0 0 0 0 0 0 0 0 0 0 0 0 0 0 0 0 0 0 0 0 0 0 0 0 0 0 0 0 0 0 0 0 0 0 0 0 0 0 0 0 0 0 0 0 0 0 0 0 0 0 0 0 0 0 0 0 0 0 0 0 0 0 0 0 0 0 0 0 0 0 0 0 0 0 0 0 0 0 0 0 0 0 0 0 0 0 0 0 0 0 0 0 0 0 0 0 0 0 0 0 0 0 0 0 0 0 0 0 0 0 0 0 0 0 0 0 0 0 0 0 0 0 0 0 0 0 0 0 0 0 0 0 0 0 0 0 0 0 0 0 0 0 0 0 0 0 0 0 0 0 0 0 0 0 0 
10 11 10 11 10 11 10 11 10 11 10 11 10 11 10 11 10 11 10 11 10 11 10 11 10 11 10 11 8 9 8 9 8 9 8 9 8 9 8 9 8 9 8 9 8 9 8 9 8 9 8 9 8 9 8 9 8 9 8 9 8 9 8 9 8 9 8 9 8 9 8 9 8 9 8 9 8 9 8 9 8 9 8 9 8 9 8 9 48 8 10 11 10 11 10 11 0 0 0 0 0 0 0 0 0 0 0 0 0 0 0 0 0 0 0 0 0 0 0 0 0 0 0 0 0 0 0 0 0 0 0 0 0 0 0 0 0 0 0 0 0 0 0 0 0 0 0 0 0 0 0 0 0 0 0 0 0 0 0 0 0 0 0 0 0 0 0 0 0 0 0 0 0 0 0 0 0 0 0 0 0 0 0 0 0 0 0 0 0 0 0 0 0 0 0 0 0 0 0 0 0 0 0 0 0 0 0 0 0 0 0 0 0 0 0 0 0 0 0 0 0 0 0 0 0 0 0 0 0 0 0 0 0 0 0 0 0 0 0 0 0 0 0 0 0 0 0 0 0 0 0 0 0 0 0 0 
13 13 14 14 13 13 14 14 13 13 14 14 13 13 14 14 13 13 14 14 13 13 14 14 13 13 14 14 13 13 14 14 13 13 14 14 15 16 17 18 9 8 9 21 15 16 17 18 9 8 9 21 15 16 17 18 9 8 9 21 15 16 17 18 9 8 9 21 15 16 17 18 9 8 9 21 15 16 17 18 9 8 9 21 9 22 49 48 9 22 9 22 1 2 1 2 0 0 0 0 0 0 0 0 0 0 0 0 0 0 0 0 0 0 0 0 0 0 0 0 0 0 0 0 0 0 0 0 0 0 0 0 0 0 0 0 0 0 0 0 0 0 0 0 0 0 0 0 0 0 0 0 0 0 0 0 0 0 0 0 0 0 0 0 0 0 0 0 0 0 0 0 0 0 0 0 0 0 0 0 0 0 0 0 0 0 0 0 0 0 0 0 0 0 0 0 0 0 0 0 0 0 0 0 0 0 0 0 0 0 0 0 0 0 0 0 0 0 0 0 0 0 0 0 0 0 0 0 0 0 0 0 0 0 0 0 0 0 0 0 0 0 0 0 0 0 0 0 0 0 0 0 0 0 0 0 
14 13 13 13 14 13 13 13 14 13 13 13 14 13 13 13 14 13 13 13 14 13 13 13 14 13 13 13 14 13 13 13 14 13 13 13 0 0 0 23 28 8 29 27 0 0 0 23 28 8 29 27 0 0 0 23 28 8 29 27 0 0 0 23 28 8 29 27 0 0 0 23 28 8 29 27 0 0 0 23 28 8 29 27 8 49 48 9 8 9 8 9 10 11 10 11 0 0 0 0 0 0 0 0 0 0 0 0 0 0 0 0 0 0 0 0 0 0 0 0 0 0 0 0 0 0 0 0 0 0 0 0 0 0 0 0 0 0 0 0 0 0 0 0 0 0 0 0 0 0 0 0 0 0 0 0 0 0 0 0 0 0 0 0 0 0 0 0 0 0 0 0 0 0 0 0 0 0 0 0 0 0 0 0 0 0 0 0 0 0 0 0 0 0 0 0 0 0 0 0 0 0 0 0 0 0 0 0 0 0 0 0 0 0 0 0 0 0 0 0 0 0 0 0 0 0 0 0 0 0 0 0 0 0 0 0 0 0 0 0 0 0 0 0 0 0 0 0 0 0 0 0 0 0 0 0 
8 9 8 9 8 9 8 9 8 9 8 9 8 9 8 9 8 9 8 9 8 9 8 9 8 9 8 9 8 9 8 9 8 9 8 9 0 0 0 0 5 6 7 0 0 0 0 0 5 6 7 0 0 0 0 0 5 6 7 0 0 0 0 0 5 6 7 0 0 0 0 0 5 6 7 0 0 0 0 0 5 6 7 0 49 48 9 22 9 22 9 22 1 2 1 2 0 0 0 0 0 0 0 0 0 0 0 0 0 0 0 0 0 0 0 0 0 0 0 0 0 0 0 0 0 0 0 0 0 0 0 0 0 0 0 0 0 0 0 0 0 0 0 0 0 0 0 0 0 0 0 0 0 0 0 0 0 0 0 0 0 0 0 0 0 0 0 0 0 0 0 0 0 0 0 0 0 0 0 0 0 0 0 0 0 0 0 0 0 0 0 0 0 0 0 0 0 0 0 0 0 0 0 0 0 0 0 0 0 0 0 0 0 0 0 0 0 0 0 0 0 0 0 0 0 0 0 0 0 0 0 0 0 0 0 0 0 0 0 0 0 0 0 0 0 0 0 0 0 0 0 0 0 0 0 0 
13 14 14 13 13 14 14 13 13 14 14 13 13 14 14 13 13 14 14 13 13 14 14 13 13 14 14 13 13 14 14 13 13 14 14 13 0 0 0 0 5 6 7 0 0 0 0 0 5 6 7 0 0 0 0 0 5 6 7 0 0 0 0 0 5 6 7 0 0 0 0 0 5 6 7 0 0 0 0 0 5 6 7 0 48 9 8 9 8 9 8 9 10 11 10 11 0 0 0 0 0 0 0 0 0 0 0 0 0 0 0 0 0 0 0 0 0 0 0 0 0 0 0 0 0 0 0 0 0 0 0 0 0 0 0 0 0 0 0 0 0 0 0 0 0 0 0 0 0 0 0 0 0 0 0 0 0 0 0 0 0 0 0 0 0 0 0 0 0 0 0 0 0 0 0 0 0 0 0 0 0 0 0 0 0 0 0 0 0 0 0 0 0 0 0 0 0 0 0 0 0 0 0 0 0 0 0 0 0 0 0 0 0 0 0 0 0 0 0 0 0 0 0 0 0 0 0 0 0 0 0 0 0 0 0 0 0 0 0 0 0 0 0 0 0 0 0 0 0 0 0 0 0 0 0 0 
0 0 0 0 0 0 0 0 0 0 0 0 0 0 0 0 0 0 0 0 0 0 0 0 0 0 0 0 0 0 0 0 0 0 0 0 0 0 0 0 0 0 0 0 0 0 0 0 0 0 0 0 0 0 0 0 0 0 0 0 0 0 0 0 0 0 0 0 0 0 0 0 0 0 0 0 0 0 0 0 0 0 0 0 0 0 0 0 0 0 0 0 0 0 0 0 0 0 0 0 0 0 0 0 0 0 0 0 0 0 0 0 0 0 0 0 0 0 0 0 0 0 0 0 0 0 0 0 0 0 0 0 0 0 0 0 0 0 0 0 0 0 0 0 0 0 0 0 0 0 0 0 0 0 0 0 0 0 0 0 0 0 0 0 0 0 0 0 0 0 0 0 0 0 0 0 0 0 0 0 0 0 0 0 0 0 0 0 0 0 0 0 0 0 0 0 0 0 0 0 0 0 0 0 0 0 0 0 0 0 0 0 0 0 0 0 0 0 0 0 0 0 0 0 0 0 0 0 0 0 0 0 0 0 0 0 0 0 0 0 0 0 0 0 0 0 0 0 0 0 0 0 0 0 0 0 
0 0 0 0 0 0 0 0 0 0 0 0 0 0 0 0 0 0 0 0 0 0 0 0 0 0 0 0 0 0 0 0 0 0 0 0 0 0 0 0 0 0 0 0 0 0 0 0 0 0 0 0 0 0 0 0 0 0 0 0 0 0 0 0 0 0 0 0 0 0 0 0 0 0 0 0 0 0 0 0 0 0 0 0 0 0 0 0 0 0 0 0 0 0 0 0 0 0 0 0 0 0 0 0 0 0 0 0 0 0 0 0 0 0 0 0 0 0 0 0 0 0 0 0 0 0 0 0 0 0 0 0 0 0 0 0 0 0 0 0 0 0 0 0 0 0 0 0 0 0 0 0 0 0 0 0 0 0 0 0 0 0 0 0 0 0 0 0 0 0 0 0 0 0 0 0 0 0 0 0 0 0 0 0 0 0 0 0 0 0 0 0 0 0 0 0 0 0 0 0 0 0 0 0 0 0 0 0 0 0 0 0 0 0 0 0 0 0 0 0 0 0 0 0 0 0 0 0 0 0 0 0 0 0 0 0 0 0 0 0 0 0 0 0 0 0 0 0 0 0 0 0 0 0 0 0 
1 2 1 2 8 9 8 9 8 9 8 9 8 9 8 9 8 9 8 9 8 9 8 9 8 9 8 9 8 9 8 9 9 22 9 22 0 0 0 0 5 6 7 0 0 0 0 0 5 6 7 0 0 0 0 0 5 6 7 0 0 0 0 0 5 6 7 0 0 0 0 0 5 6 7 0 0 0 0 0 9 22 9 22 49 48 9 22 9 22 9 22 1 2 1 2 1 2 1 2 5 6 7 0 9 32 33 9 5 6 7 0 9 22 9 22 5 6 7 0 9 32 33 9 5 6 7 0 50 44 39 38 9 22 9 22 9 22 9 22 22 51 52 9 9 22 9 22 5 6 7 0 9 32 33 9 5 6 7 0 9 22 9 22 5 6 7 0 9 22 9 22 5 6 7 0 9 22 9 22 5 6 7 0 9 32 33 9 1 2 1 2 0 0 0 0 0 0 0 0 0 0 0 0 0 0 0 0 0 0 0 0 0 0 0 0 0 0 0 0 0 0 0 0 0 0 0 0 0 0 0 0 0 0 0 0 0 0 0 0 0 0 0 0 0 0 0 0 0 0 0 0 0 0 0 0 
10 11 10 11 13 14 14 13 13 14 14 13 13 14 14 13 13 14 14 13 13 14 14 13 13 14 14 13 13 14 14 13 8 9 8 9 0 0 0 0 5 6 7 0 0 0 0 0 5 6 7 0 0 0 0 0 5 6 7 0 0 0 0 0 5 6 7 0 0 0 0 0 5 6 7 0 0 0 0 0 8 9 8 9 48 9 8 9 8 9 8 9 10 11 10 11 10 11 10 11 5 6 7 0 9 34 33 9 5 6 7 0 8 9 8 9 5 6 7 0 9 34 33 9 5 6 7 0 41 43 41 42 8 9 8 9 8 9 8 9 9 20 29 22 8 9 8 9 5 6 7 0 9 34 33 9 5 6 7 0 8 9 8 9 5 6 7 0 8 9 8 9 5 6 7 0 8 9 8 9 5 6 7 0 9 34 33 9 10 11 10 11 0 0 0 0 0 0 0 0 0 0 0 0 0 0 0 0 0 0 0 0 0 0 0 0 0 0 0 0 0 0 0 0 0 0 0 0 0 0 0 0 0 0 0 0 0 0 0 0 0 0 0 0 0 0 0 0 0 0 0 0 0 0 0 0 
1 2 1 2 15 16 17 18 9 8 9 21 15 16 17 18 9 8 9 21 15 16 17 18 9 8 9 21 15 16 17 18 50 44 39 38 0 0 0 0 5 6 7 0 0 0 0 0 5 6 7 0 0 0 0 0 5 6 7 0 0 0 0 0 5 6 7 0 0 0 0 0 5 6 7 0 0 0 0 0 9 22 49 48 50 44 39 38 9 9 36 22 1 2 1 2 1 2 1 2 5 6 7 0 9 22 9 22 5 6 7 0 53 27 23 54 5 6 7 0 9 22 9 22 5 6 7 0 41 39 44 42 9 22 9 22 9 22 9 22 9 22 9 22 53 27 23 54 5 6 7 0 41 39 44 42 5 6 7 0 9 22 9 22 5 6 7 0 9 22 9 22 5 6 7 0 53 27 23 54 5 6 7 0 9 9 36 22 1 2 1 2 0 0 0 0 0 0 0 0 0 0 0 0 0 0 0 0 0 0 0 0 0 0 0 0 0 0 0 0 0 0 0 0 0 0 0 0 0 0 0 0 0 0 0 0 0 0 0 0 0 0 0 0 0 0 0 0 0 0 0 0 0 0 0 0 
10 11 10 11 0 0 0 23 28 8 29 27 0 0 0 23 28 8 29 27 0 0 0 23 28 8 29 27 0 0 0 23 41 43 41 42 0 0 0 0 5 6 7 0 0 0 0 0 5 6 7 0 0 0 0 0 5 6 7 0 0 0 0 0 5 6 7 0 0 0 0 0 5 6 7 0 0 0 0 0 8 49 48 9 41 43 41 42 8 50 38 36 10 11 10 11 10 11 10 11 5 6 7 0 8 9 8 9 5 6 7 0 9 30 31 9 5 6 7 0 8 9 8 9 5 6 7 0 51 55 56 57 8 9 8 9 8 9 8 9 8 9 8 9 9 30 31 9 5 6 7 0 51 55 56 57 5 6 7 0 8 9 8 9 5 6 7 0 8 9 8 9 5 6 7 0 9 30 31 9 5 6 7 0 9 50 38 9 10 11 10 11 0 0 0 0 0 0 0 0 0 0 0 0 0 0 0 0 0 0 0 0 0 0 0 0 0 0 0 0 0 0 0 0 0 0 0 0 0 0 0 0 0 0 0 0 0 0 0 0 0 0 0 0 0 0 0 0 0 0 0 0 0 0 0 0 
1 2 1 2 0 0 0 0 5 6 7 0 0 0 0 0 5 6 7 0 0 0 0 0 5 6 7 0 0 0 0 0 1 2 1 2 1 2 1 2 1 2 1 2 1 2 1 2 1 2 1 2 1 2 1 2 1 2 1 2 1 2 1 2 1 2 1 2 1 2 1 2 1 2 1 2 1 2 1 2 1 2 1 2 1 2 1 2 1 2 1 2 1 2 1 2 1 2 1 2 5 6 7 0 9 22 9 22 5 6 7 0 9 32 33 9 5 6 7 0 9 22 9 22 5 6 7 0 22 51 52 9 9 22 9 22 9 22 9 22 9 22 9 22 9 32 33 9 5 6 7 0 22 51 52 9 5 6 7 0 9 22 9 22 5 6 7 0 9 22 9 22 1 2 58 59 9 32 33 9 5 6 7 0 50 44 39 38 1 2 1 2 0 0 0 0 0 0 0 0 0 0 0 0 0 0 0 0 0 0 0 0 0 0 0 0 0 0 0 0 0 0 0 0 0 0 0 0 0 0 0 0 0 0 0 0 0 0 0 0 0 0 0 0 0 0 0 0 0 0 0 0 0 0 0 0 
10 11 10 11 0 0 0 0 5 6 7 0 0 0 0 0 5 6 7 0 0 0 0 0 5 6 7 0 0 0 0 0 10 11 10 11 10 11 10 11 10 11 10 11 10 11 10 11 10 11 10 11 10 11 10 11 10 11 10 11 10 11 10 11 10 11 10 11 10 11 10 11 10 11 10 11 10 11 10 11 10 11 10 11 10 11 10 11 10 11 10 11 10 11 10 11 10 11 10 11 5 6 7 0 8 9 8 9 5 6 7 0 9 34 33 9 5 6 7 0 8 9 8 9 5 6 7 0 9 20 29 22 8 9 8 9 8 9 8 9 8 9 8 9 9 34 33 9 5 6 7 0 9 20 29 22 5 6 7 0 8 9 8 9 5 6 7 0 8 9 8 9 10 11 60 61 9 34 33 9 5 6 7 0 41 43 41 42 10 11 10 11 0 0 0 0 0 0 0 0 0 0 0 0 0 0 0 0 0 0 0 0 0 0 0 0 0 0 0 0 0 0 0 0 0 0 0 0 0 0 0 0 0 0 0 0 0 0 0 0 0 0 0 0 0 0 0 0 0 0 0 0 0 0 0 0 
1 2 1 2 45 46 45 46 5 6 7 0 45 46 45 46 5 6 7 0 45 46 45 46 5 6 7 0 0 0 0 0 9 22 9 22 15 16 17 18 9 8 9 21 15 16 17 18 9 8 9 21 15 16 17 18 9 8 9 21 15 16 17 18 9 8 9 21 15 16 17 18 9 8 9 21 15 16 17 18 5 6 7 0 9 22 9 22 9 22 9 22 41 39 44 42 0 35 36 22 5 6 7 0 9 9 36 22 5 6 7 0 9 9 36 22 5 6 7 0 9 9 36 22 5 6 7 0 9 22 9 22 9 22 9 22 53 27 23 54 9 9 36 22 9 22 9 22 5 6 7 0 9 9 36 22 5 6 7 0 9 9 36 22 5 6 7 0 53 27 23 54 5 6 7 0 9 9 36 22 5 6 7 0 50 44 39 38 1 2 1 2 0 0 0 0 0 0 0 0 0 0 0 0 0 0 0 0 0 0 0 0 0 0 0 0 0 0 0 0 0 0 0 0 0 0 0 0 0 0 0 0 0 0 0 0 0 0 0 0 0 0 0 0 0 0 0 0 0 0 0 0 0 0 0 0 
10 11 10 11 46 45 46 45 5 6 7 0 46 45 46 45 5 6 7 0 46 45 46 45 5 6 7 0 0 0 0 0 8 9 8 9 0 0 0 23 28 8 29 27 0 0 0 23 28 8 29 27 0 0 0 23 28 8 29 27 0 0 0 23 28 8 29 27 0 0 0 23 28 8 29 27 0 0 0 23 5 6 7 0 8 9 8 9 8 9 8 9 51 55 56 57 0 37 38 9 5 6 7 0 8 50 38 36 5 6 7 0 8 50 38 36 5 6 7 0 8 50 38 36 5 6 7 0 8 9 8 9 8 9 8 9 9 30 31 9 8 50 38 36 8 9 8 9 5 6 7 0 9 50 38 9 5 6 7 0 8 50 38 36 5 6 7 0 9 30 31 9 5 6 7 0 8 50 38 36 5 6 7 0 41 43 41 42 10 11 10 11 0 0 0 0 0 0 0 0 0 0 0 0 0 0 0 0 0 0 0 0 0 0 0 0 0 0 0 0 0 0 0 0 0 0 0 0 0 0 0 0 0 0 0 0 0 0 0 0 0 0 0 0 0 0 0 0 0 0 0 0 0 0 0 0 
1 2 1 2 45 46 45 46 5 6 7 0 45 46 45 46 5 6 7 0 45 46 45 46 5 6 7 0 1 2 1 2 9 22 9 22 0 0 0 0 5 6 7 0 0 0 0 0 5 6 7 0 0 0 0 0 5 6 7 0 0 0 0 0 5 6 7 0 0 0 0 0 5 6 7 0 0 0 0 0 5 6 7 0 9 22 9 22 9 22 9 22 22 51 52 9 0 35 39 36 5 6 7 0 1 2 1 2 1 2 1 2 1 2 1 2 1 2 1 2 1 2 1 2 1 2 1 2 9 22 9 22 9 22 9 22 9 32 33 9 1 2 1 2 9 22 9 22 5 6 7 0 50 44 39 38 1 2 1 2 1 2 1 2 1 2 1 2 9 32 33 9 5 6 7 0 1 2 1 2 1 2 1 2 1 2 1 2 1 2 1 2 0 0 0 0 0 0 0 0 0 0 0 0 0 0 0 0 0 0 0 0 0 0 0 0 0 0 0 0 0 0 0 0 0 0 0 0 0 0 0 0 0 0 0 0 0 0 0 0 0 0 0 0 0 0 0 0 0 0 0 0 0 0 0 0 
10 11 10 11 46 45 46 45 5 6 7 0 46 45 46 45 5 6 7 0 46 45 46 45 5 6 7 0 10 11 10 11 8 9 8 9 0 0 0 0 5 6 7 0 0 0 0 0 5 6 7 0 0 0 0 0 5 6 7 0 0 0 0 0 5 6 7 0 0 0 0 0 5 6 7 0 0 0 0 0 5 6 7 0 8 9 8 9 8 9 8 9 9 20 29 22 0 40 41 42 5 6 7 0 10 11 10 11 10 11 10 11 10 11 10 11 10 11 10 11 10 11 10 11 10 11 10 11 8 9 8 9 8 9 8 9 9 34 33 9 10 11 10 11 8 9 8 9 5 6 7 0 41 43 41 42 10 11 10 11 10 11 10 11 10 11 10 11 9 34 33 9 5 6 7 0 10 11 10 11 10 11 10 11 10 11 10 11 10 11 10 11 0 0 0 0 0 0 0 0 0 0 0 0 0 0 0 0 0 0 0 0 0 0 0 0 0 0 0 0 0 0 0 0 0 0 0 0 0 0 0 0 0 0 0 0 0 0 0 0 0 0 0 0 0 0 0 0 0 0 0 0 0 0 0 0 
1 2 1 2 45 46 45 46 5 6 7 0 45 46 45 46 5 6 7 0 45 46 62 48 1 2 1 2 9 22 9 22 9 9 36 22 0 0 0 0 5 6 7 0 0 0 0 0 5 6 7 0 0 0 0 0 5 6 7 0 0 0 0 0 5 6 7 0 45 46 45 46 5 6 7 0 45 46 45 46 5 6 7 0 9 22 9 22 50 44 39 38 9 9 36 22 0 37 43 44 5 6 7 0 41 39 44 42 9 8 9 21 15 16 17 18 9 8 9 21 15 16 17 18 9 8 9 21 9 22 9 22 9 22 9 22 9 22 9 22 9 8 9 21 9 9 36 22 5 6 19 20 15 16 17 18 9 8 9 21 15 16 17 18 5 6 7 0 50 44 39 38 5 6 19 20 15 16 17 18 9 8 9 21 15 16 17 18 1 2 1 2 0 0 0 0 0 0 0 0 0 0 0 0 0 0 0 0 0 0 0 0 0 0 0 0 0 0 0 0 0 0 0 0 0 0 0 0 0 0 0 0 0 0 0 0 0 0 0 0 0 0 0 0 0 0 0 0 0 0 0 0 0 0 0 0 
10 11 10 11 46 45 46 45 5 6 7 0 46 45 46 45 5 6 7 0 46 62 48 9 10 11 10 11 8 9 8 9 9 50 38 9 0 0 0 0 5 6 7 0 0 0 0 0 5 6 7 0 0 0 0 0 5 6 7 0 0 0 0 0 5 6 7 0 46 45 46 45 5 6 7 0 46 45 46 45 5 6 7 0 8 9 8 9 41 43 41 42 8 50 38 36 0 35 41 43 5 6 7 0 51 55 56 57 28 8 29 27 0 0 0 23 28 8 29 27 0 0 0 23 28 8 29 27 8 9 8 9 8 9 8 9 8 9 8 9 28 8 29 27 9 50 38 9 24 25 26 27 0 0 0 23 28 8 29 27 0 0 0 23 5 6 7 0 41 43 41 42 24 25 26 27 0 0 0 23 28 8 29 27 0 0 0 23 10 11 10 11 0 0 0 0 0 0 0 0 0 0 0 0 0 0 0 0 0 0 0 0 0 0 0 0 0 0 0 0 0 0 0 0 0 0 0 0 0 0 0 0 0 0 0 0 0 0 0 0 0 0 0 0 0 0 0 0 0 0 0 0 0 0 0 0 
1 2 1 2 45 46 45 46 5 6 7 0 45 46 45 46 5 6 7 0 62 48 9 22 9 22 9 22 9 22 9 22 50 44 39 38 0 0 0 0 5 6 7 0 0 0 0 0 5 6 7 0 0 0 0 0 5 6 7 0 0 0 0 0 5 6 7 0 45 46 45 46 5 6 7 0 45 46 45 46 5 6 7 0 9 22 9 22 63 0 64 2 1 2 1 2 1 2 1 2 1 2 1 2 22 51 52 9 5 6 7 0 0 0 0 0 5 6 7 0 0 0 0 0 5 6 7 0 9 22 9 22 9 22 9 22 9 22 9 22 5 6 7 0 50 44 39 38 5 6 7 0 0 0 0 0 5 6 7 0 0 0 0 0 5 6 7 0 1 2 1 2 5 6 7 0 0 0 0 0 5 6 7 0 0 0 0 0 1 2 1 2 0 0 0 0 0 0 0 0 0 0 0 0 0 0 0 0 0 0 0 0 0 0 0 0 0 0 0 0 0 0 0 0 0 0 0 0 0 0 0 0 0 0 0 0 0 0 0 0 0 0 0 0 0 0 0 0 0 0 0 0 0 0 0 0 
10 11 10 11 46 45 46 45 5 6 7 0 46 45 46 45 5 6 7 0 48 9 8 9 8 9 8 9 8 9 8 9 41 43 41 42 0 0 0 0 5 6 7 0 0 0 0 0 5 6 7 0 0 0 0 0 5 6 7 0 0 0 0 0 5 6 7 0 46 45 46 45 5 6 7 0 46 45 46 45 5 6 7 0 8 9 8 9 60 0 65 11 10 11 10 11 10 11 10 11 10 11 10 11 9 20 29 22 5 6 7 0 0 0 0 0 5 6 7 0 0 0 0 0 5 6 7 0 8 9 8 9 8 9 8 9 8 9 8 9 5 6 7 0 41 43 41 42 5 6 7 0 0 0 0 0 5 6 7 0 0 0 0 0 5 6 7 0 10 11 10 11 5 6 7 0 0 0 0 0 5 6 7 0 0 0 0 0 10 11 10 11 0 0 0 0 0 0 0 0 0 0 0 0 0 0 0 0 0 0 0 0 0 0 0 0 0 0 0 0 0 0 0 0 0 0 0 0 0 0 0 0 0 0 0 0 0 0 0 0 0 0 0 0 0 0 0 0 0 0 0 0 0 0 0 0 
1 2 1 2 45 46 45 46 5 6 7 0 45 46 45 46 1 2 1 2 50 44 39 38 9 9 36 22 9 9 36 22 50 44 39 38 0 0 0 0 5 6 7 0 0 0 0 0 5 6 7 0 0 0 0 0 5 6 7 0 0 0 0 0 5 6 7 0 45 46 45 46 5 6 7 0 45 46 45 46 5 6 7 0 1 2 1 2 1 2 1 2 1 2 1 2 1 2 1 2 5 6 19 20 53 27 23 54 5 6 7 0 9 22 9 22 5 6 7 0 9 22 9 22 5 6 7 0 50 44 39 38 53 27 23 54 9 9 36 22 5 6 7 0 41 39 41 42 5 6 7 0 50 44 39 38 5 6 7 0 9 9 36 22 5 6 7 0 9 9 36 22 5 6 7 0 9 9 36 22 5 6 7 0 9 9 36 22 1 2 1 2 0 0 0 0 0 0 0 0 0 0 0 0 0 0 0 0 0 0 0 0 0 0 0 0 0 0 0 0 0 0 0 0 0 0 0 0 0 0 0 0 0 0 0 0 0 0 0 0 0 0 0 0 0 0 0 0 0 0 0 0 0 0 0 0 
10 11 10 11 46 45 39 45 5 6 7 0 46 45 39 45 10 11 10 11 41 43 41 42 8 50 38 36 8 50 38 36 41 43 41 42 0 0 0 0 5 6 7 0 0 0 0 0 5 6 7 0 0 0 0 0 5 6 7 0 0 0 0 0 5 6 7 0 46 45 46 45 5 6 7 0 46 45 46 45 5 6 7 0 10 11 10 11 10 11 10 11 10 11 10 11 10 11 10 11 24 25 26 27 9 30 31 9 5 6 7 0 8 9 8 9 5 6 7 0 8 9 8 9 5 6 7 0 41 43 41 42 9 30 31 9 8 50 38 36 5 6 7 0 51 56 55 57 5 6 7 0 41 43 41 42 5 6 7 0 8 50 38 36 5 6 7 0 8 50 38 36 5 6 7 0 8 50 38 36 5 6 7 0 8 50 38 36 10 11 10 11 0 0 0 0 0 0 0 0 0 0 0 0 0 0 0 0 0 0 0 0 0 0 0 0 0 0 0 0 0 0 0 0 0 0 0 0 0 0 0 0 0 0 0 0 0 0 0 0 0 0 0 0 0 0 0 0 0 0 0 0 0 0 0 0 
1 2 1 2 1 2 1 2 1 2 1 2 1 2 1 2 1 2 1 2 1 2 1 2 1 2 1 2 1 2 1 2 1 2 1 2 1 2 1 2 1 2 1 2 1 2 1 2 1 2 1 2 1 2 1 2 1 2 1 2 1 2 1 2 5 6 7 0 45 46 45 46 5 6 7 0 45 46 45 46 5 6 7 0 1 2 1 2 1 2 1 2 1 2 1 2 1 2 1 2 5 6 7 0 9 32 33 9 5 6 7 0 9 22 9 22 5 6 7 0 9 22 9 22 1 2 1 2 1 2 1 2 9 32 33 9 1 2 1 2 1 2 1 2 66 67 62 68 1 2 1 2 1 2 1 2 1 2 1 2 1 2 1 2 1 2 1 2 1 2 1 2 1 2 1 2 1 2 1 2 1 2 1 2 1 2 1 2 1 2 1 2 0 0 0 0 0 0 0 0 0 0 0 0 0 0 0 0 0 0 0 0 0 0 0 0 0 0 0 0 0 0 0 0 0 0 0 0 0 0 0 0 0 0 0 0 0 0 0 0 0 0 0 0 0 0 0 0 0 0 0 0 0 0 0 0 
10 11 10 11 10 11 10 11 10 11 10 11 10 11 10 11 10 11 10 11 10 11 10 11 10 11 10 11 10 11 10 11 10 11 10 11 10 11 10 11 10 11 10 11 10 11 10 11 10 11 10 11 10 11 10 11 10 11 10 11 10 11 10 11 5 6 7 0 46 45 46 45 5 6 7 0 46 45 46 45 5 6 7 0 10 11 10 11 10 11 10 11 10 11 10 11 10 11 10 11 5 6 7 0 9 34 33 9 5 6 7 0 8 9 8 9 5 6 7 0 8 9 8 9 10 11 10 11 10 11 10 11 9 34 33 9 10 11 10 11 10 11 10 11 62 0 0 69 10 11 10 11 10 11 10 11 10 11 10 11 10 11 10 11 10 11 10 11 10 11 10 11 10 11 10 11 10 11 10 11 10 11 10 11 10 11 10 11 10 11 10 11 0 0 0 0 0 0 0 0 0 0 0 0 0 0 0 0 0 0 0 0 0 0 0 0 0 0 0 0 0 0 0 0 0 0 0 0 0 0 0 0 0 0 0 0 0 0 0 0 0 0 0 0 0 0 0 0 0 0 0 0 0 0 0 0 
1 2 1 2 13 13 14 14 13 13 14 14 13 13 14 14 13 13 14 14 13 13 14 14 13 13 14 14 13 13 14 14 13 13 14 14 13 13 14 14 13 13 14 14 13 13 14 14 13 13 14 14 13 13 14 14 13 13 14 14 1 2 1 2 5 6 7 0 45 46 45 46 5 6 7 0 45 46 45 46 5 6 7 0 1 2 1 2 1 2 1 2 1 2 1 2 1 2 1 2 5 6 7 0 9 22 49 48 1 2 1 2 41 39 44 42 1 2 1 2 15 16 17 18 9 8 9 21 15 16 17 18 0 0 0 0 15 16 17 18 9 8 9 21 0 0 0 0 9 8 9 21 15 16 17 18 9 8 9 21 15 16 17 18 9 8 9 21 15 16 17 18 9 8 9 21 15 16 17 18 9 8 9 21 15 16 17 18 1 2 1 2 0 0 0 0 0 0 0 0 0 0 0 0 0 0 0 0 0 0 0 0 0 0 0 0 0 0 0 0 0 0 0 0 0 0 0 0 0 0 0 0 0 0 0 0 0 0 0 0 0 0 0 0 0 0 0 0 0 0 0 0 0 0 0 0 
10 11 10 11 14 13 13 13 14 13 13 13 14 13 13 13 14 13 13 13 14 13 13 13 14 13 13 13 14 13 13 13 14 13 13 13 14 13 13 13 14 13 13 13 14 13 13 13 14 13 13 13 14 13 13 13 14 13 13 13 10 11 10 11 5 6 7 0 46 45 39 45 5 6 7 0 46 45 39 45 5 6 7 0 10 11 10 11 10 11 10 11 10 11 10 11 10 11 10 11 5 6 7 0 8 49 48 9 10 11 10 11 51 55 56 57 10 11 10 11 0 0 0 23 28 8 29 27 0 0 0 23 0 0 0 0 0 0 0 23 28 8 29 27 0 0 0 0 28 8 29 27 0 0 0 23 28 8 29 27 0 0 0 23 28 8 29 27 0 0 0 23 28 8 29 27 0 0 0 23 28 8 29 27 0 0 0 23 10 11 10 11 0 0 0 0 0 0 0 0 0 0 0 0 0 0 0 0 0 0 0 0 0 0 0 0 0 0 0 0 0 0 0 0 0 0 0 0 0 0 0 0 0 0 0 0 0 0 0 0 0 0 0 0 0 0 0 0 0 0 0 0 0 0 0 0 
1 2 1 2 8 9 8 9 8 9 8 9 8 9 8 9 8 9 8 9 8 9 8 9 8 9 8 9 8 9 8 9 8 9 8 9 8 9 8 9 8 9 8 9 8 9 8 9 8 9 8 9 8 9 8 9 8 9 8 9 1 2 1 2 1 2 1 2 1 2 1 2 1 2 1 2 1 2 1 2 1 2 1 2 1 2 1 2 1 2 1 2 1 2 1 2 1 2 1 2 5 6 7 0 49 48 9 22 5 6 19 20 22 51 52 9 5 6 19 20 0 0 0 0 5 6 7 0 0 0 0 0 0 0 0 0 0 0 0 0 5 6 7 0 0 0 0 0 5 6 7 0 0 0 0 0 5 6 7 0 0 0 0 0 5 6 7 0 0 0 0 0 5 6 7 0 0 0 0 0 5 6 7 0 0 0 0 0 1 2 1 2 0 0 0 0 0 0 0 0 0 0 0 0 0 0 0 0 0 0 0 0 0 0 0 0 0 0 0 0 0 0 0 0 0 0 0 0 0 0 0 0 0 0 0 0 0 0 0 0 0 0 0 0 0 0 0 0 0 0 0 0 0 0 0 0 
10 11 10 11 13 14 14 13 13 14 14 13 13 14 14 13 13 14 14 13 13 14 14 13 13 14 14 13 13 14 14 13 13 14 14 13 13 14 14 13 13 14 14 13 13 14 14 13 13 14 14 13 13 14 14 13 13 14 14 13 10 11 10 11 10 11 10 11 10 11 10 11 10 11 10 11 10 11 10 11 10 11 10 11 10 11 10 11 10 11 10 11 10 11 10 11 10 11 10 11 5 6 7 0 48 9 8 9 24 25 26 70 9 20 29 22 24 25 26 70 0 0 0 0 5 6 7 0 0 0 0 0 0 0 0 0 0 0 0 0 5 6 7 0 0 0 0 0 5 6 7 0 0 0 0 0 5 6 7 0 0 0 0 0 5 6 7 0 0 0 0 0 5 6 7 0 0 0 0 0 5 6 7 0 0 0 0 0 10 11 10 11 0 0 0 0 0 0 0 0 0 0 0 0 0 0 0 0 0 0 0 0 0 0 0 0 0 0 0 0 0 0 0 0 0 0 0 0 0 0 0 0 0 0 0 0 0 0 0 0 0 0 0 0 0 0 0 0 0 0 0 0 0 0 0 0 
0 0 0 0 0 0 0 0 0 0 0 0 0 0 0 0 0 0 0 0 0 0 0 0 0 0 0 0 0 0 0 0 0 0 0 0 0 0 0 0 0 0 0 0 0 0 0 0 0 0 0 0 0 0 0 0 0 0 0 0 0 0 0 0 0 0 0 0 0 0 0 0 0 0 0 0 0 0 0 0 0 0 0 0 0 0 0 0 0 0 0 0 0 0 0 0 0 0 0 0 0 0 0 0 0 0 0 0 0 0 0 0 0 0 0 0 0 0 0 0 0 0 0 0 0 0 0 0 0 0 0 0 0 0 0 0 0 0 0 0 0 0 0 0 0 0 0 0 0 0 0 0 0 0 0 0 0 0 0 0 0 0 0 0 0 0 0 0 0 0 0 0 0 0 0 0 0 0 0 0 0 0 0 0 0 0 0 0 0 0 0 0 0 0 0 0 0 0 0 0 0 0 0 0 0 0 0 0 0 0 0 0 0 0 0 0 0 0 0 0 0 0 0 0 0 0 0 0 0 0 0 0 0 0 0 0 0 0 0 0 0 0 0 0 0 0 0 0 0 0 0 0 0 0 0 0 
0 0 0 0 0 0 0 0 0 0 0 0 0 0 0 0 0 0 0 0 0 0 0 0 0 0 0 0 0 0 0 0 0 0 0 0 0 0 0 0 0 0 0 0 0 0 0 0 0 0 0 0 0 0 0 0 0 0 0 0 0 0 0 0 0 0 0 0 0 0 0 0 0 0 0 0 0 0 0 0 0 0 0 0 0 0 0 0 0 0 0 0 0 0 0 0 0 0 0 0 0 0 0 0 0 0 0 0 0 0 0 0 0 0 0 0 0 0 0 0 0 0 0 0 0 0 0 0 0 0 0 0 0 0 0 0 0 0 0 0 0 0 0 0 0 0 0 0 0 0 0 0 0 0 0 0 0 0 0 0 0 0 0 0 0 0 0 0 0 0 0 0 0 0 0 0 0 0 0 0 0 0 0 0 0 0 0 0 0 0 0 0 0 0 0 0 0 0 0 0 0 0 0 0 0 0 0 0 0 0 0 0 0 0 0 0 0 0 0 0 0 0 0 0 0 0 0 0 0 0 0 0 0 0 0 0 0 0 0 0 0 0 0 0 0 0 0 0 0 0 0 0 0 0 0 0 
0 0 0 0 0 0 0 0 0 0 0 0 0 0 0 0 0 0 0 0 0 0 0 0 0 0 0 0 0 0 0 0 0 0 0 0 0 0 0 0 0 0 0 0 0 0 0 0 0 0 0 0 0 0 0 0 0 0 0 0 0 0 0 0 0 0 0 0 0 0 0 0 0 0 0 0 0 0 0 0 0 0 0 0 0 0 0 0 0 0 0 0 0 0 0 0 1 2 1 2 5 6 7 0 49 48 9 22 5 6 7 0 9 22 9 22 5 6 7 0 9 22 9 22 5 6 7 0 9 22 9 22 5 6 7 0 9 22 9 22 9 22 9 22 9 22 9 22 5 6 7 0 9 32 33 9 5 6 7 0 9 22 9 22 5 6 7 0 9 22 9 22 5 6 7 0 9 22 9 22 5 6 7 0 9 22 9 22 5 6 7 0 1 2 9 22 9 32 33 9 22 51 52 9 5 6 7 0 9 22 9 22 22 51 52 9 9 32 33 9 9 22 9 22 5 6 7 0 9 22 9 22 9 32 33 9 5 6 7 0 9 22 9 22 9 22 9 22 9 32 33 9 1 2 1 2 
0 0 0 0 0 0 0 0 0 0 0 0 0 0 0 0 0 0 0 0 0 0 0 0 0 0 0 0 0 0 0 0 0 0 0 0 0 0 0 0 0 0 0 0 0 0 0 0 0 0 0 0 0 0 0 0 0 0 0 0 0 0 0 0 0 0 0 0 0 0 0 0 0 0 0 0 0 0 0 0 0 0 0 0 0 0 0 0 0 0 0 0 0 0 0 0 10 11 10 11 5 6 7 0 48 9 8 9 5 6 7 0 8 9 8 9 5 6 7 0 8 9 8 9 5 6 7 0 8 9 8 9 5 6 7 0 8 9 8 9 8 9 8 9 8 9 8 9 5 6 7 0 9 34 33 9 5 6 7 0 8 9 8 9 5 6 7 0 8 9 8 9 5 6 7 0 8 9 8 9 5 6 7 0 8 9 8 9 5 6 7 0 10 11 8 9 9 34 33 9 9 20 29 22 5 6 7 0 8 9 8 9 9 20 29 22 9 34 33 9 8 9 8 9 5 6 7 0 8 9 8 9 9 34 33 9 5 6 7 0 8 9 8 9 8 9 8 9 9 34 33 9 10 11 10 11 
0 0 0 0 0 0 0 0 0 0 0 0 0 0 0 0 0 0 0 0 0 0 0 0 0 0 0 0 0 0 0 0 0 0 0 0 0 0 0 0 0 0 0 0 0 0 0 0 0 0 0 0 0 0 0 0 0 0 0 0 0 0 0 0 0 0 0 0 0 0 0 0 0 0 0 0 0 0 0 0 0 0 0 0 0 0 0 0 0 0 0 0 0 0 0 0 1 2 1 2 5 6 7 48 9 22 9 22 5 6 7 0 9 22 9 22 5 6 7 0 9 9 36 22 5 6 7 0 9 22 9 22 5 6 7 0 9 22 9 22 9 22 9 22 53 27 23 54 5 6 7 0 9 22 9 22 5 6 7 0 9 22 9 22 5 6 7 0 9 22 9 22 5 6 7 0 9 22 9 22 5 6 7 0 9 22 9 22 5 6 7 0 0 35 36 22 41 39 44 42 9 22 9 22 5 6 7 0 9 9 36 22 53 27 23 54 9 22 9 22 9 22 9 22 5 6 7 0 53 27 23 54 9 22 9 22 5 6 7 0 9 9 36 22 53 27 23 54 9 22 9 22 1 2 1 2 
0 0 0 0 0 0 0 0 0 0 0 0 0 0 0 0 0 0 0 0 0 0 0 0 0 0 0 0 0 0 0 0 0 0 0 0 0 0 0 0 0 0 0 0 0 0 0 0 0 0 0 0 0 0 0 0 0 0 0 0 0 0 0 0 0 0 0 0 0 0 0 0 0 0 0 0 0 0 0 0 0 0 0 0 0 0 0 0 0 0 0 0 0 0 0 0 10 11 10 11 5 6 48 9 8 9 8 9 5 6 7 0 8 9 8 9 5 6 7 0 9 50 38 9 5 6 7 0 8 9 8 9 5 6 7 0 8 9 8 9 8 9 8 9 9 30 31 9 5 6 7 0 8 9 8 9 5 6 7 0 8 9 8 9 5 6 7 0 8 9 8 9 5 6 7 0 8 9 8 9 5 6 7 0 8 9 8 9 5 6 7 0 0 37 38 9 51 55 56 57 8 9 8 9 5 6 7 0 9 50 38 9 9 30 31 9 8 9 8 9 8 9 8 9 5 6 7 0 9 30 31 9 8 9 8 9 5 6 7 0 9 50 38 9 9 30 31 9 8 9 8 9 10 11 10 11 
0 0 0 0 0 0 0 0 0 0 0 0 0 0 0 0 0 0 0 0 0 0 0 0 0 0 0 0 0 0 0 0 0 0 0 0 0 0 0 0 0 0 0 0 0 0 0 0 0 0 0 0 0 0 0 0 0 0 0 0 0 0 0 0 0 0 0 0 0 0 0 0 0 0 0 0 0 0 0 0 0 0 0 0 0 0 0 0 0 0 0 0 0 0 0 0 1 2 1 2 1 2 1 2 9 22 9 22 5 6 7 0 9 22 9 22 5 6 7 0 50 44 39 38 5 6 7 0 9 22 9 22 1 2 1 2 9 22 9 22 9 22 9 22 9 32 33 9 5 6 7 0 9 22 9 22 5 6 7 0 9 22 9 22 5 6 7 0 9 22 9 22 5 6 7 0 9 22 9 22 5 6 7 0 9 22 9 22 5 6 7 0 0 35 39 36 22 51 52 9 9 22 9 22 5 6 7 0 50 44 39 38 9 32 33 9 9 22 9 22 9 22 9 22 5 6 7 0 9 32 33 9 9 22 9 22 5 6 7 0 50 44 39 38 9 32 33 9 9 22 9 22 1 2 1 2 
0 0 0 0 0 0 0 0 0 0 0 0 0 0 0 0 0 0 0 0 0 0 0 0 0 0 0 0 0 0 0 0 0 0 0 0 0 0 0 0 0 0 0 0 0 0 0 0 0 0 0 0 0 0 0 0 0 0 0 0 0 0 0 0 0 0 0 0 0 0 0 0 0 0 0 0 0 0 0 0 0 0 0 0 0 0 0 0 0 0 0 0 0 0 0 0 10 11 10 11 10 11 10 11 8 9 8 9 5 6 7 0 8 9 8 9 5 6 7 0 41 43 41 42 5 6 7 0 8 9 8 9 10 11 10 11 8 9 8 9 8 9 8 9 9 34 33 9 5 6 7 0 8 9 8 9 5 6 7 0 8 9 8 9 5 6 7 0 8 9 8 9 5 6 7 0 8 9 8 9 5 6 7 0 8 9 8 9 5 6 7 0 0 40 41 42 9 20 29 22 8 9 8 9 5 6 7 0 41 43 41 42 9 34 33 9 8 9 8 9 8 9 8 9 5 6 7 0 9 34 33 9 8 9 8 9 5 6 7 0 41 43 41 42 9 34 33 9 8 9 8 9 10 11 10 11 
0 0 0 0 0 0 0 0 0 0 0 0 0 0 0 0 0 0 0 0 0 0 0 0 0 0 0 0 0 0 0 0 0 0 0 0 0 0 0 0 0 0 0 0 0 0 0 0 0 0 0 0 0 0 0 0 0 0 0 0 0 0 0 0 0 0 0 0 0 0 0 0 0 0 0 0 0 0 0 0 0 0 0 0 0 0 0 0 0 0 0 0 0 0 0 0 1 2 1 2 5 6 7 0 9 9 36 22 5 6 7 0 9 9 36 22 5 6 7 0 50 44 39 38 5 6 7 0 9 9 36 22 5 6 7 0 9 9 36 22 50 44 39 38 50 44 39 38 5 6 7 0 9 9 36 22 5 6 7 0 9 9 36 22 5 6 7 0 50 44 39 38 5 6 7 0 50 44 39 38 5 6 7 0 9 9 36 22 5 6 7 0 0 37 43 44 9 22 9 22 53 27 23 54 5 6 7 0 50 44 39 38 9 22 9 22 9 9 36 22 9 9 36 22 5 6 7 0 41 39 44 42 9 22 9 22 5 6 7 0 50 44 39 38 9 9 36 22 9 22 9 22 1 2 1 2 
0 0 0 0 0 0 0 0 0 0 0 0 0 0 0 0 0 0 0 0 0 0 0 0 0 0 0 0 0 0 0 0 0 0 0 0 0 0 0 0 0 0 0 0 0 0 0 0 0 0 0 0 0 0 0 0 0 0 0 0 0 0 0 0 0 0 0 0 0 0 0 0 0 0 0 0 0 0 0 0 0 0 0 0 0 0 0 0 0 0 0 0 0 0 0 0 10 11 10 11 5 6 7 0 8 50 38 36 5 6 7 0 8 50 38 36 5 6 7 0 41 43 41 42 5 6 7 0 8 50 38 36 5 6 7 0 8 50 38 36 41 43 41 42 41 43 41 42 5 6 7 0 8 50 38 36 5 6 7 0 8 50 38 36 5 6 7 0 41 43 41 42 5 6 7 0 41 43 41 42 5 6 7 0 8 50 38 36 5 6 7 0 0 35 41 43 8 9 8 9 9 30 31 9 5 6 7 0 41 43 41 42 8 9 8 9 8 50 38 36 8 50 38 36 5 6 7 0 51 55 56 57 8 9 8 9 5 6 7 0 41 43 41 42 8 50 38 36 8 9 8 9 10 11 10 11 
0 0 0 0 0 0 0 0 0 0 0 0 0 0 0 0 0 0 0 0 0 0 0 0 0 0 0 0 0 0 0 0 0 0 0 0 0 0 0 0 0 0 0 0 0 0 0 0 0 0 0 0 0 0 0 0 0 0 0 0 0 0 0 0 0 0 0 0 0 0 0 0 0 0 0 0 0 0 0 0 0 0 0 0 0 0 0 0 0 0 0 0 0 0 0 0 1 2 1 2 1 2 1 2 1 2 1 2 1 2 1 2 1 2 1 2 1 2 1 2 1 2 1 2 1 2 1 2 1 2 1 2 5 6 7 0 1 2 1 2 1 2 1 2 1 2 1 2 1 2 1 2 1 2 1 2 1 2 1 2 1 2 1 2 1 2 1 2 1 2 1 2 1 2 1 2 1 2 1 2 1 2 1 2 1 2 1 2 1 2 1 2 1 2 1 2 9 22 9 22 9 32 33 9 1 2 1 2 1 2 1 2 9 22 9 22 1 2 1 2 1 2 1 2 1 2 1 2 22 51 52 9 9 22 9 22 63 0 71 2 1 2 1 2 1 2 1 2 9 22 9 22 1 2 1 2 
0 0 0 0 0 0 0 0 0 0 0 0 0 0 0 0 0 0 0 0 0 0 0 0 0 0 0 0 0 0 0 0 0 0 0 0 0 0 0 0 0 0 0 0 0 0 0 0 0 0 0 0 0 0 0 0 0 0 0 0 0 0 0 0 0 0 0 0 0 0 0 0 0 0 0 0 0 0 0 0 0 0 0 0 0 0 0 0 0 0 0 0 0 0 0 0 10 11 10 11 10 11 10 11 10 11 10 11 10 11 10 11 10 11 10 11 10 11 10 11 10 11 10 11 10 11 10 11 10 11 10 11 5 6 7 0 10 11 10 11 10 11 10 11 10 11 10 11 10 11 10 11 10 11 10 11 10 11 10 11 10 11 10 11 10 11 10 11 10 11 10 11 10 11 10 11 10 11 10 11 10 11 10 11 10 11 10 11 10 11 10 11 10 11 10 11 8 9 8 9 9 34 33 9 10 11 10 11 10 11 10 11 8 9 8 9 10 11 10 11 10 11 10 11 10 11 10 11 9 20 29 22 8 9 8 9 60 0 72 11 10 11 10 11 10 11 10 11 8 9 8 9 10 11 10 11 
0 0 0 0 0 0 0 0 0 0 0 0 0 0 0 0 0 0 0 0 0 0 0 0 0 0 0 0 0 0 0 0 0 0 0 0 0 0 0 0 0 0 0 0 0 0 0 0 0 0 0 0 0 0 0 0 0 0 0 0 0 0 0 0 0 0 0 0 0 0 0 0 0 0 0 0 0 0 0 0 0 0 0 0 0 0 0 0 0 0 0 0 0 0 0 0 1 2 1 2 5 6 7 0 15 16 17 18 9 8 9 21 15 16 17 18 9 8 9 21 15 16 17 18 9 8 9 21 15 16 17 18 9 8 9 21 15 16 17 18 9 8 9 21 15 16 17 18 9 8 9 21 15 16 17 18 9 8 9 21 15 16 17 18 9 8 9 21 15 16 17 18 9 8 9 21 15 16 17 18 9 8 9 21 15 16 17 18 1 2 1 2 1 2 9 22 9 22 9 22 50 44 39 38 5 6 7 0 1 2 1 2 9 22 9 22 9 22 9 22 1 2 1 2 1 2 9 22 9 9 36 22 9 9 36 22 1 2 1 2 41 39 44 42 9 9 36 22 9 22 9 22 1 2 1 2 
0 0 0 0 0 0 0 0 0 0 0 0 0 0 0 0 0 0 0 0 0 0 0 0 0 0 0 0 0 0 0 0 0 0 0 0 0 0 0 0 0 0 0 0 0 0 0 0 0 0 0 0 0 0 0 0 0 0 0 0 0 0 0 0 0 0 0 0 0 0 0 0 0 0 0 0 0 0 0 0 0 0 0 0 0 0 0 0 0 0 0 0 0 0 0 0 10 11 10 11 5 6 7 0 0 0 0 23 28 8 29 27 0 0 0 23 28 8 29 27 0 0 0 23 28 8 29 27 0 0 0 23 28 8 29 27 0 0 0 23 28 8 29 27 0 0 0 23 28 8 29 27 0 0 0 23 28 8 29 27 0 0 0 23 28 8 29 27 0 0 0 23 28 8 29 27 0 0 0 23 28 8 29 27 0 0 0 23 10 11 10 11 10 11 8 9 8 9 8 9 41 43 41 42 5 6 7 0 10 11 10 11 8 9 8 9 8 9 8 9 10 11 10 11 10 11 8 9 8 50 38 36 9 50 38 9 10 11 10 11 51 55 56 57 9 50 38 9 8 9 8 9 10 11 10 11 
0 0 0 0 0 0 0 0 0 0 0 0 0 0 0 0 0 0 0 0 0 0 0 0 0 0 0 0 0 0 0 0 0 0 0 0 0 0 0 0 0 0 0 0 0 0 0 0 0 0 0 0 0 0 0 0 0 0 0 0 0 0 0 0 0 0 0 0 0 0 0 0 0 0 0 0 0 0 0 0 0 0 0 0 0 0 0 0 0 0 0 0 0 0 0 0 1 2 1 2 5 6 7 0 0 0 0 0 5 6 7 0 0 0 0 0 5 6 7 0 0 0 0 0 5 6 7 0 0 0 0 0 5 6 7 0 0 0 0 0 5 6 7 0 0 0 0 0 5 6 7 0 0 0 0 0 5 6 7 0 0 0 0 0 5 6 7 0 0 0 0 0 5 6 7 0 0 0 0 0 5 6 7 0 0 0 0 0 1 2 1 2 1 2 9 22 9 22 9 22 1 2 1 2 5 6 7 0 1 2 1 2 9 22 9 22 9 22 9 22 1 2 1 2 1 2 9 22 1 2 1 2 50 44 39 38 1 2 1 2 22 51 52 9 50 44 39 38 47 48 1 2 1 2 1 2 
0 0 0 0 0 0 0 0 0 0 0 0 0 0 0 0 0 0 0 0 0 0 0 0 0 0 0 0 0 0 0 0 0 0 0 0 0 0 0 0 0 0 0 0 0 0 0 0 0 0 0 0 0 0 0 0 0 0 0 0 0 0 0 0 0 0 0 0 0 0 0 0 0 0 0 0 0 0 0 0 0 0 0 0 0 0 0 0 0 0 0 0 0 0 0 0 10 11 10 11 5 6 7 0 0 0 0 0 5 6 7 0 0 0 0 0 5 6 7 0 0 0 0 0 5 6 7 0 0 0 0 0 5 6 7 0 0 0 0 0 5 6 7 0 0 0 0 0 5 6 7 0 0 0 0 0 5 6 7 0 0 0 0 0 5 6 7 0 0 0 0 0 5 6 7 0 0 0 0 0 5 6 7 0 0 0 0 0 10 11 10 11 10 11 8 9 8 9 8 9 10 11 10 11 5 6 7 0 10 11 10 11 8 9 8 9 8 9 8 9 10 11 10 11 10 11 8 9 10 11 10 11 41 43 41 42 10 11 10 11 9 20 29 22 41 43 41 42 48 8 10 11 10 11 10 11 
0 0 0 0 0 0 0 0 0 0 0 0 0 0 0 0 0 0 0 0 0 0 0 0 0 0 0 0 0 0 0 0 0 0 0 0 0 0 0 0 0 0 0 0 0 0 0 0 0 0 0 0 0 0 0 0 0 0 0 0 0 0 0 0 0 0 0 0 0 0 0 0 0 0 0 0 0 0 0 0 0 0 0 0 0 0 0 0 0 0 0 0 0 0 0 0 1 2 1 2 5 6 7 0 53 27 23 54 5 6 7 0 53 27 23 54 5 6 7 0 53 27 23 54 5 6 7 0 53 27 23 54 5 6 7 0 53 27 23 54 5 6 7 0 53 27 23 54 5 6 7 0 53 27 23 54 5 6 7 0 53 27 23 54 5 6 7 0 53 27 23 54 5 6 7 0 53 27 23 54 5 6 7 0 53 27 23 54 1 2 1 2 1 2 9 22 53 27 23 54 41 39 44 42 5 6 7 0 1 2 1 2 9 22 9 22 53 27 23 54 1 2 1 2 1 2 9 22 9 22 9 22 50 44 39 38 1 2 1 2 9 22 9 22 9 22 49 48 5 6 7 0 1 2 1 2 
0 0 0 0 0 0 0 0 0 0 0 0 0 0 0 0 0 0 0 0 0 0 0 0 0 0 0 0 0 0 0 0 0 0 0 0 0 0 0 0 0 0 0 0 0 0 0 0 0 0 0 0 0 0 0 0 0 0 0 0 0 0 0 0 0 0 0 0 0 0 0 0 0 0 0 0 0 0 0 0 0 0 0 0 0 0 0 0 0 0 0 0 0 0 0 0 10 11 10 11 5 6 7 0 9 30 31 9 5 6 7 0 9 30 31 9 5 6 7 0 9 30 31 9 5 6 7 0 9 30 31 9 5 6 7 0 9 30 31 9 5 6 7 0 9 30 31 9 5 6 7 0 9 30 31 9 5 6 7 0 9 30 31 9 5 6 7 0 9 30 31 9 5 6 7 0 9 30 31 9 5 6 7 0 9 30 31 9 10 11 10 11 10 11 8 9 9 30 31 9 51 55 56 57 5 6 7 0 10 11 10 11 8 9 8 9 9 30 31 9 10 11 10 11 10 11 8 9 8 9 8 9 41 43 41 42 10 11 10 11 8 9 8 9 8 49 48 9 5 6 7 0 10 11 10 11 
0 0 0 0 0 0 0 0 0 0 0 0 0 0 0 0 0 0 0 0 0 0 0 0 0 0 0 0 0 0 0 0 0 0 0 0 0 0 0 0 0 0 0 0 0 0 0 0 0 0 0 0 0 0 0 0 0 0 0 0 0 0 0 0 0 0 0 0 0 0 0 0 0 0 0 0 0 0 0 0 0 0 0 0 0 0 0 0 0 0 0 0 0 0 0 0 1 2 1 2 5 6 7 0 9 32 33 9 5 6 7 0 9 32 33 9 5 6 7 0 9 32 33 9 5 6 7 0 9 32 33 9 5 6 7 0 9 32 33 9 5 6 7 0 9 32 33 9 5 6 7 0 9 32 33 9 5 6 7 0 9 32 33 9 5 6 7 0 9 32 33 9 5 6 7 0 9 32 33 9 5 6 7 0 9 32 33 9 1 2 1 2 1 2 9 22 9 32 33 9 22 51 52 9 5 6 7 0 1 2 1 2 9 22 9 22 9 32 33 9 1 2 1 2 1 2 9 22 9 22 9 22 1 2 1 2 1 2 1 2 9 22 9 22 49 48 9 22 5 6 7 0 1 2 1 2 
0 0 0 0 0 0 0 0 0 0 0 0 0 0 0 0 0 0 0 0 0 0 0 0 0 0 0 0 0 0 0 0 0 0 0 0 0 0 0 0 0 0 0 0 0 0 0 0 0 0 0 0 0 0 0 0 0 0 0 0 0 0 0 0 0 0 0 0 0 0 0 0 0 0 0 0 0 0 0 0 0 0 0 0 0 0 0 0 0 0 0 0 0 0 0 0 10 11 10 11 5 6 7 0 9 34 33 9 5 6 7 0 9 34 33 9 5 6 7 0 9 34 33 9 5 6 7 0 9 34 33 9 5 6 7 0 9 34 33 9 5 6 7 0 9 34 33 9 5 6 7 0 9 34 33 9 5 6 7 0 9 34 33 9 5 6 7 0 9 34 33 9 5 6 7 0 9 34 33 9 5 6 7 0 9 34 33 9 10 11 10 11 10 11 8 9 9 34 33 9 9 20 29 22 5 6 7 0 10 11 10 11 8 9 8 9 9 34 33 9 10 11 10 11 10 11 8 9 8 9 8 9 10 11 10 11 10 11 10 11 8 9 8 9 48 9 8 9 5 6 7 0 10 11 10 11 
0 0 0 0 0 0 0 0 0 0 0 0 0 0 0 0 0 0 0 0 0 0 0 0 0 0 0 0 0 0 0 0 0 0 0 0 0 0 0 0 0 0 0 0 0 0 0 0 0 0 0 0 0 0 0 0 0 0 0 0 0 0 0 0 0 0 0 0 0 0 0 0 0 0 0 0 0 0 0 0 0 0 0 0 0 0 0 0 0 0 0 0 0 0 0 0 1 2 1 2 5 6 7 0 41 39 44 42 5 6 7 0 9 22 9 22 5 6 7 0 41 39 44 42 5 6 7 0 41 39 44 42 5 6 7 0 9 9 36 22 5 6 7 0 9 22 9 22 5 6 7 0 41 39 44 42 5 6 7 0 9 22 9 22 5 6 7 0 41 39 44 42 5 6 7 0 9 22 9 22 5 6 7 0 41 39 44 42 1 2 1 2 1 2 9 22 9 9 36 22 9 22 9 22 5 6 7 0 1 2 1 2 9 22 9 22 9 22 9 22 1 2 1 2 1 2 9 22 9 22 9 22 9 22 9 22 9 22 9 22 9 22 49 48 9 22 9 22 5 6 7 0 1 2 1 2 
0 0 0 0 0 0 0 0 0 0 0 0 0 0 0 0 0 0 0 0 0 0 0 0 0 0 0 0 0 0 0 0 0 0 0 0 0 0 0 0 0 0 0 0 0 0 0 0 0 0 0 0 0 0 0 0 0 0 0 0 0 0 0 0 0 0 0 0 0 0 0 0 0 0 0 0 0 0 0 0 0 0 0 0 0 0 0 0 0 0 0 0 0 0 0 0 10 11 10 11 5 6 7 0 51 55 56 57 5 6 7 0 8 9 8 9 5 6 7 0 51 55 56 57 5 6 7 0 51 55 56 57 5 6 7 0 9 50 38 9 5 6 7 0 8 9 8 9 5 6 7 0 51 55 56 57 5 6 7 0 8 9 8 9 5 6 7 0 51 55 56 57 5 6 7 0 8 9 8 9 5 6 7 0 51 55 56 57 10 11 10 11 10 11 8 9 9 50 38 9 8 9 8 9 5 6 7 0 10 11 10 11 8 9 8 9 8 9 8 9 10 11 10 11 10 11 8 9 8 9 8 9 8 9 8 9 8 9 8 9 8 49 48 9 8 9 8 9 5 6 7 0 10 11 10 11 
0 0 0 0 0 0 0 0 0 0 0 0 0 0 0 0 0 0 0 0 0 0 0 0 0 0 0 0 0 0 0 0 0 0 0 0 0 0 0 0 0 0 0 0 0 0 0 0 0 0 0 0 0 0 0 0 0 0 0 0 0 0 0 0 0 0 0 0 0 0 0 0 0 0 0 0 0 0 0 0 0 0 0 0 0 0 0 0 0 0 0 0 0 0 0 0 1 2 1 2 5 6 7 0 22 51 52 9 5 6 7 0 9 22 9 22 5 6 7 0 22 51 52 9 5 6 7 0 22 51 52 9 5 6 7 0 50 44 39 38 5 6 7 0 9 22 9 22 5 6 7 0 22 51 52 9 5 6 7 0 9 22 9 22 5 6 7 0 22 51 52 9 5 6 7 0 9 22 9 22 5 6 7 0 22 51 52 9 1 2 1 2 1 2 9 22 50 44 39 38 9 22 9 22 5 6 7 0 1 2 1 2 9 22 9 22 9 22 9 22 1 2 1 2 1 2 9 22 9 22 9 22 9 22 9 22 9 22 9 22 49 48 9 22 9 22 9 22 5 6 7 0 1 2 1 2 
0 0 0 0 0 0 0 0 0 0 0 0 0 0 0 0 0 0 0 0 0 0 0 0 0 0 0 0 0 0 0 0 0 0 0 0 0 0 0 0 0 0 0 0 0 0 0 0 0 0 0 0 0 0 0 0 0 0 0 0 0 0 0 0 0 0 0 0 0 0 0 0 0 0 0 0 0 0 0 0 0 0 0 0 0 0 0 0 0 0 0 0 0 0 0 0 10 11 10 11 5 6 7 0 9 20 29 22 5 6 7 0 8 9 8 9 5 6 7 0 9 20 29 22 5 6 7 0 9 20 29 22 5 6 7 0 41 43 41 42 5 6 7 0 8 9 8 9 5 6 7 0 9 20 29 22 5 6 7 0 8 9 8 9 5 6 7 0 9 20 29 22 5 6 7 0 8 9 8 9 5 6 7 0 9 20 29 22 10 11 10 11 10 11 8 9 41 43 41 42 8 9 8 9 5 6 7 0 10 11 10 11 8 9 8 9 8 9 8 9 10 11 10 11 10 11 8 9 8 9 8 9 8 9 8 9 8 9 8 9 48 9 8 9 8 9 8 9 5 6 7 0 10 11 10 11 
0 0 0 0 0 0 0 0 0 0 0 0 0 0 0 0 0 0 0 0 0 0 0 0 0 0 0 0 0 0 0 0 0 0 0 0 0 0 0 0 0 0 0 0 0 0 0 0 0 0 0 0 0 0 0 0 0 0 0 0 0 0 0 0 0 0 0 0 0 0 0 0 0 0 0 0 0 0 0 0 0 0 0 0 0 0 0 0 0 0 0 0 0 0 0 0 0 0 0 0 0 0 0 0 0 0 0 0 0 0 0 0 0 0 0 0 0 0 0 0 0 0 0 0 0 0 0 0 0 0 0 0 0 0 0 0 0 0 0 0 0 0 0 0 0 0 0 0 0 0 0 0 0 0 0 0 0 0 0 0 0 0 0 0 0 0 0 0 0 0 0 0 0 0 0 0 0 0 0 0 0 0 0 0 0 0 0 0 0 0 0 0 0 0 0 0 0 0 0 0 0 0 0 0 0 0 0 0 0 0 0 0 0 0 0 0 0 0 0 0 0 0 0 0 0 0 0 0 0 0 0 0 0 0 0 0 0 0 0 0 0 0 0 0 0 0 0 0 0 0 0 0 0 0 0 0 
0 0 0 0 0 0 0 0 0 0 0 0 0 0 0 0 0 0 0 0 0 0 0 0 0 0 0 0 0 0 0 0 0 0 0 0 0 0 0 0 0 0 0 0 0 0 0 0 0 0 0 0 0 0 0 0 0 0 0 0 0 0 0 0 0 0 0 0 0 0 0 0 0 0 0 0 0 0 0 0 0 0 0 0 0 0 0 0 0 0 0 0 0 0 0 0 0 0 0 0 0 0 0 0 0 0 0 0 0 0 0 0 0 0 0 0 0 0 0 0 0 0 0 0 0 0 0 0 0 0 0 0 0 0 0 0 0 0 0 0 0 0 0 0 0 0 0 0 0 0 0 0 0 0 0 0 0 0 0 0 0 0 0 0 0 0 0 0 0 0 0 0 0 0 0 0 0 0 0 0 0 0 0 0 0 0 0 0 0 0 0 0 0 0 0 0 0 0 0 0 0 0 0 0 0 0 0 0 0 0 0 0 0 0 0 0 0 0 0 0 0 0 0 0 0 0 0 0 0 0 0 0 0 0 0 0 0 0 0 0 0 0 0 0 0 0 0 0 0 0 0 0 0 0 0 0 
0 0 0 0 0 0 0 0 0 0 0 0 0 0 0 0 0 0 0 0 0 0 0 0 0 0 0 0 0 0 0 0 0 0 0 0 0 0 0 0 0 0 0 0 0 0 0 0 0 0 0 0 0 0 0 0 0 0 0 0 0 0 0 0 0 0 0 0 0 0 0 0 0 0 0 0 0 0 0 0 0 0 0 0 0 0 0 0 0 0 0 0 0 0 0 0 0 0 0 0 0 0 0 0 0 0 0 0 0 0 0 0 0 0 0 0 0 0 0 0 0 0 0 0 0 0 0 0 0 0 0 0 0 0 0 0 0 0 0 0 0 0 0 0 0 0 0 0 0 0 0 0 0 0 0 0 0 0 0 0 0 0 0 0 0 0 0 0 0 0 0 0 0 0 0 0 0 0 0 0 0 0 0 0 0 0 0 0 0 0 0 0 0 0 0 0 0 0 0 0 0 0 0 0 0 0 0 0 0 0 0 0 0 0 0 0 0 0 0 0 0 0 0 0 1 2 9 22 5 6 7 0 9 22 9 22 9 22 9 22 49 48 9 22 50 44 39 38 5 6 7 0 1 2 1 2 
0 0 0 0 0 0 0 0 0 0 0 0 0 0 0 0 0 0 0 0 0 0 0 0 0 0 0 0 0 0 0 0 0 0 0 0 0 0 0 0 0 0 0 0 0 0 0 0 0 0 0 0 0 0 0 0 0 0 0 0 0 0 0 0 0 0 0 0 0 0 0 0 0 0 0 0 0 0 0 0 0 0 0 0 0 0 0 0 0 0 0 0 0 0 0 0 0 0 0 0 0 0 0 0 0 0 0 0 0 0 0 0 0 0 0 0 0 0 0 0 0 0 0 0 0 0 0 0 0 0 0 0 0 0 0 0 0 0 0 0 0 0 0 0 0 0 0 0 0 0 0 0 0 0 0 0 0 0 0 0 0 0 0 0 0 0 0 0 0 0 0 0 0 0 0 0 0 0 0 0 0 0 0 0 0 0 0 0 0 0 0 0 0 0 0 0 0 0 0 0 0 0 0 0 0 0 0 0 0 0 0 0 0 0 0 0 0 0 0 0 0 0 0 0 10 11 8 9 5 6 7 0 8 9 8 9 8 9 8 9 48 9 8 9 41 43 41 42 5 6 7 0 10 11 10 11 
0 0 0 0 0 0 0 0 0 0 0 0 0 0 0 0 0 0 0 0 0 0 0 0 0 0 0 0 0 0 0 0 0 0 0 0 0 0 0 0 0 0 0 0 0 0 0 0 0 0 0 0 0 0 0 0 0 0 0 0 0 0 0 0 0 0 0 0 0 0 0 0 0 0 0 0 0 0 0 0 0 0 0 0 0 0 0 0 0 0 0 0 0 0 0 0 0 0 0 0 0 0 0 0 0 0 0 0 0 0 0 0 0 0 0 0 0 0 0 0 0 0 0 0 0 0 0 0 0 0 0 0 0 0 0 0 0 0 0 0 0 0 0 0 0 0 0 0 0 0 0 0 0 0 0 0 0 0 0 0 0 0 0 0 0 0 0 0 0 0 0 0 0 0 0 0 0 0 0 0 0 0 0 0 0 0 0 0 0 0 0 0 0 0 0 0 0 0 0 0 0 0 0 0 0 0 0 0 0 0 0 0 0 0 0 0 0 0 0 0 0 0 0 0 1 2 9 22 5 6 7 0 9 22 9 22 9 22 49 48 9 22 9 22 41 39 44 42 5 6 7 0 1 2 1 2 
0 0 0 0 0 0 0 0 0 0 0 0 0 0 0 0 0 0 0 0 0 0 0 0 0 0 0 0 0 0 0 0 0 0 0 0 0 0 0 0 0 0 0 0 0 0 0 0 0 0 0 0 0 0 0 0 0 0 0 0 0 0 0 0 0 0 0 0 0 0 0 0 0 0 0 0 0 0 0 0 0 0 0 0 0 0 0 0 0 0 0 0 0 0 0 0 0 0 0 0 0 0 0 0 0 0 0 0 0 0 0 0 0 0 0 0 0 0 0 0 0 0 0 0 0 0 0 0 0 0 0 0 0 0 0 0 0 0 0 0 0 0 0 0 0 0 0 0 0 0 0 0 0 0 0 0 0 0 0 0 0 0 0 0 0 0 0 0 0 0 0 0 0 0 0 0 0 0 0 0 0 0 0 0 0 0 0 0 0 0 0 0 0 0 0 0 0 0 0 0 0 0 0 0 0 0 0 0 0 0 0 0 0 0 0 0 0 0 0 0 0 0 0 0 10 11 8 9 5 6 7 0 8 9 8 9 8 49 48 9 8 9 8 9 51 55 56 57 5 6 7 0 10 11 10 11 
0 0 0 0 0 0 0 0 0 0 0 0 0 0 0 0 0 0 0 0 0 0 0 0 0 0 0 0 0 0 0 0 0 0 0 0 0 0 0 0 0 0 0 0 0 0 0 0 0 0 0 0 0 0 0 0 0 0 0 0 0 0 0 0 0 0 0 0 0 0 0 0 0 0 0 0 0 0 0 0 0 0 0 0 0 0 0 0 0 0 0 0 0 0 0 0 0 0 0 0 0 0 0 0 0 0 0 0 0 0 0 0 0 0 0 0 0 0 0 0 0 0 0 0 0 0 0 0 0 0 0 0 0 0 0 0 0 0 0 0 0 0 0 0 0 0 0 0 0 0 0 0 0 0 0 0 0 0 0 0 0 0 0 0 0 0 0 0 0 0 0 0 0 0 0 0 0 0 0 0 0 0 0 0 0 0 0 0 0 0 0 0 0 0 0 0 0 0 0 0 0 0 0 0 0 0 0 0 0 0 0 0 0 0 0 0 0 0 0 0 0 0 0 0 1 2 9 22 5 6 7 0 9 22 9 22 49 48 9 22 9 22 9 22 22 51 52 9 5 6 7 0 1 2 1 2 
0 0 0 0 0 0 0 0 0 0 0 0 0 0 0 0 0 0 0 0 0 0 0 0 0 0 0 0 0 0 0 0 0 0 0 0 0 0 0 0 0 0 0 0 0 0 0 0 0 0 0 0 0 0 0 0 0 0 0 0 0 0 0 0 0 0 0 0 0 0 0 0 0 0 0 0 0 0 0 0 0 0 0 0 0 0 0 0 0 0 0 0 0 0 0 0 0 0 0 0 0 0 0 0 0 0 0 0 0 0 0 0 0 0 0 0 0 0 0 0 0 0 0 0 0 0 0 0 0 0 0 0 0 0 0 0 0 0 0 0 0 0 0 0 0 0 0 0 0 0 0 0 0 0 0 0 0 0 0 0 0 0 0 0 0 0 0 0 0 0 0 0 0 0 0 0 0 0 0 0 0 0 0 0 0 0 0 0 0 0 0 0 0 0 0 0 0 0 0 0 0 0 0 0 0 0 0 0 0 0 0 0 0 0 0 0 0 0 0 0 0 0 0 0 10 11 8 9 5 6 7 0 8 9 8 9 48 9 8 9 8 9 8 9 9 20 29 22 5 6 7 0 10 11 10 11 
0 0 0 0 0 0 0 0 0 0 0 0 0 0 0 0 0 0 0 0 0 0 0 0 0 0 0 0 0 0 0 0 0 0 0 0 0 0 0 0 0 0 0 0 0 0 0 0 0 0 0 0 0 0 0 0 0 0 0 0 0 0 0 0 0 0 0 0 0 0 0 0 0 0 0 0 0 0 0 0 0 0 0 0 0 0 0 0 0 0 0 0 0 0 0 0 0 0 0 0 0 0 0 0 0 0 0 0 0 0 0 0 0 0 0 0 0 0 0 0 0 0 0 0 0 0 0 0 0 0 0 0 0 0 0 0 0 0 0 0 0 0 0 0 0 0 0 0 0 0 0 0 0 0 0 0 0 0 0 0 0 0 0 0 0 0 0 0 0 0 0 0 0 0 0 0 0 0 0 0 0 0 0 0 0 0 0 0 0 0 0 0 0 0 0 0 0 0 0 0 0 0 0 0 0 0 0 0 0 0 0 0 0 0 0 0 0 0 0 0 0 0 0 0 1 2 1 2 5 6 7 0 9 22 49 48 50 44 39 38 9 9 36 22 9 22 9 22 5 6 7 0 1 2 1 2 
0 0 0 0 0 0 0 0 0 0 0 0 0 0 0 0 0 0 0 0 0 0 0 0 0 0 0 0 0 0 0 0 0 0 0 0 0 0 0 0 0 0 0 0 0 0 0 0 0 0 0 0 0 0 0 0 0 0 0 0 0 0 0 0 0 0 0 0 0 0 0 0 0 0 0 0 0 0 0 0 0 0 0 0 0 0 0 0 0 0 0 0 0 0 0 0 0 0 0 0 0 0 0 0 0 0 0 0 0 0 0 0 0 0 0 0 0 0 0 0 0 0 0 0 0 0 0 0 0 0 0 0 0 0 0 0 0 0 0 0 0 0 0 0 0 0 0 0 0 0 0 0 0 0 0 0 0 0 0 0 0 0 0 0 0 0 0 0 0 0 0 0 0 0 0 0 0 0 0 0 0 0 0 0 0 0 0 0 0 0 0 0 0 0 0 0 0 0 0 0 0 0 0 0 0 0 0 0 0 0 0 0 0 0 0 0 0 0 0 0 0 0 0 0 10 11 10 11 5 6 7 0 8 49 48 9 41 43 41 42 8 50 38 36 8 9 8 9 5 6 7 0 10 11 10 11 
0 0 0 0 0 0 0 0 0 0 0 0 0 0 0 0 0 0 0 0 0 0 0 0 0 0 0 0 0 0 0 0 0 0 0 0 0 0 0 0 0 0 0 0 0 0 0 0 0 0 0 0 0 0 0 0 0 0 0 0 0 0 0 0 0 0 0 0 0 0 0 0 0 0 0 0 0 0 0 0 0 0 0 0 0 0 0 0 0 0 0 0 0 0 0 0 0 0 0 0 0 0 0 0 0 0 0 0 0 0 0 0 0 0 0 0 0 0 0 0 0 0 0 0 0 0 0 0 0 0 0 0 0 0 0 0 0 0 0 0 0 0 0 0 0 0 0 0 0 0 0 0 0 0 0 0 0 0 0 0 0 0 0 0 0 0 0 0 0 0 0 0 0 0 0 0 0 0 0 0 0 0 0 0 0 0 0 0 0 0 0 0 0 0 0 0 0 0 0 0 0 0 0 0 0 0 0 0 0 0 0 0 0 0 0 0 0 0 0 0 0 0 0 0 1 2 1 2 1 2 1 2 1 2 1 2 1 2 1 2 1 2 1 2 9 22 9 22 5 6 7 0 0 0 71 2 
0 0 0 0 0 0 0 0 0 0 0 0 0 0 0 0 0 0 0 0 0 0 0 0 0 0 0 0 0 0 0 0 0 0 0 0 0 0 0 0 0 0 0 0 0 0 0 0 0 0 0 0 0 0 0 0 0 0 0 0 0 0 0 0 0 0 0 0 0 0 0 0 0 0 0 0 0 0 0 0 0 0 0 0 0 0 0 0 0 0 0 0 0 0 0 0 0 0 0 0 0 0 0 0 0 0 0 0 0 0 0 0 0 0 0 0 0 0 0 0 0 0 0 0 0 0 0 0 0 0 0 0 0 0 0 0 0 0 0 0 0 0 0 0 0 0 0 0 0 0 0 0 0 0 0 0 0 0 0 0 0 0 0 0 0 0 0 0 0 0 0 0 0 0 0 0 0 0 0 0 0 0 0 0 0 0 0 0 0 0 0 0 0 0 0 0 0 0 0 0 0 0 0 0 0 0 0 0 0 0 0 0 0 0 0 0 0 0 0 0 0 0 0 0 10 11 10 11 10 11 10 11 10 11 10 11 10 11 10 11 10 11 10 11 8 9 8 9 5 6 7 0 0 0 72 11 
0 0 0 0 0 0 0 0 0 0 0 0 0 0 0 0 0 0 0 0 0 0 0 0 0 0 0 0 0 0 0 0 0 0 0 0 0 0 0 0 0 0 0 0 0 0 0 0 0 0 0 0 0 0 0 0 0 0 0 0 0 0 0 0 0 0 0 0 0 0 0 0 0 0 0 0 0 0 0 0 0 0 0 0 0 0 0 0 0 0 0 0 0 0 0 0 0 0 0 0 0 0 0 0 0 0 0 0 0 0 0 0 0 0 0 0 0 0 0 0 0 0 0 0 0 0 0 0 0 0 0 0 0 0 0 0 0 0 0 0 0 0 0 0 0 0 0 0 0 0 0 0 0 0 0 0 0 0 0 0 0 0 0 0 0 0 0 0 0 0 0 0 0 0 0 0 0 0 0 0 0 0 0 0 0 0 0 0 0 0 0 0 0 0 0 0 0 0 0 0 0 0 0 0 0 0 0 0 0 0 0 0 0 0 0 0 0 0 0 0 0 0 0 0 1 2 1 2 5 6 7 0 41 39 44 42 9 22 9 22 9 22 9 22 9 22 9 22 5 6 7 0 0 0 71 2 
0 0 0 0 0 0 0 0 0 0 0 0 0 0 0 0 0 0 0 0 0 0 0 0 0 0 0 0 0 0 0 0 0 0 0 0 0 0 0 0 0 0 0 0 0 0 0 0 0 0 0 0 0 0 0 0 0 0 0 0 0 0 0 0 0 0 0 0 0 0 0 0 0 0 0 0 0 0 0 0 0 0 0 0 0 0 0 0 0 0 0 0 0 0 0 0 0 0 0 0 0 0 0 0 0 0 0 0 0 0 0 0 0 0 0 0 0 0 0 0 0 0 0 0 0 0 0 0 0 0 0 0 0 0 0 0 0 0 0 0 0 0 0 0 0 0 0 0 0 0 0 0 0 0 0 0 0 0 0 0 0 0 0 0 0 0 0 0 0 0 0 0 0 0 0 0 0 0 0 0 0 0 0 0 0 0 0 0 0 0 0 0 0 0 0 0 0 0 0 0 0 0 0 0 0 0 0 0 0 0 0 0 0 0 0 0 0 0 0 0 0 0 0 0 10 11 10 11 5 6 7 0 51 55 56 57 8 9 8 9 8 9 8 9 8 9 8 9 5 6 7 0 0 0 72 11 
0 0 0 0 0 0 0 0 0 0 0 0 0 0 0 0 0 0 0 0 0 0 0 0 0 0 0 0 0 0 0 0 0 0 0 0 0 0 0 0 0 0 0 0 0 0 0 0 0 0 0 0 0 0 0 0 0 0 0 0 0 0 0 0 0 0 0 0 0 0 0 0 0 0 0 0 0 0 0 0 0 0 0 0 0 0 0 0 0 0 0 0 0 0 0 0 0 0 0 0 0 0 0 0 0 0 0 0 0 0 0 0 0 0 0 0 0 0 0 0 0 0 0 0 0 0 0 0 0 0 0 0 0 0 0 0 0 0 0 0 0 0 0 0 0 0 0 0 0 0 0 0 0 0 0 0 0 0 0 0 0 0 0 0 0 0 0 0 0 0 0 0 0 0 0 0 0 0 0 0 0 0 0 0 0 0 0 0 0 0 0 0 0 0 0 0 0 0 0 0 0 0 0 0 0 0 0 0 0 0 0 0 0 0 0 0 0 0 0 0 0 0 0 0 1 2 1 2 5 6 7 0 22 51 52 9 9 22 9 22 9 22 9 22 47 48 1 2 1 2 1 2 1 2 1 2 
0 0 0 0 0 0 0 0 0 0 0 0 0 0 0 0 0 0 0 0 0 0 0 0 0 0 0 0 0 0 0 0 0 0 0 0 0 0 0 0 0 0 0 0 0 0 0 0 0 0 0 0 0 0 0 0 0 0 0 0 0 0 0 0 0 0 0 0 0 0 0 0 0 0 0 0 0 0 0 0 0 0 0 0 0 0 0 0 0 0 0 0 0 0 0 0 0 0 0 0 0 0 0 0 0 0 0 0 0 0 0 0 0 0 0 0 0 0 0 0 0 0 0 0 0 0 0 0 0 0 0 0 0 0 0 0 0 0 0 0 0 0 0 0 0 0 0 0 0 0 0 0 0 0 0 0 0 0 0 0 0 0 0 0 0 0 0 0 0 0 0 0 0 0 0 0 0 0 0 0 0 0 0 0 0 0 0 0 0 0 0 0 0 0 0 0 0 0 0 0 0 0 0 0 0 0 0 0 0 0 0 0 0 0 0 0 0 0 0 0 0 0 0 0 10 11 10 11 5 6 7 0 9 20 29 22 8 9 8 9 8 9 8 9 48 8 10 11 10 11 10 11 10 11 10 11 
0 0 0 0 0 0 0 0 0 0 0 0 0 0 0 0 0 0 0 0 0 0 0 0 0 0 0 0 0 0 0 0 0 0 0 0 0 0 0 0 0 0 0 0 0 0 0 0 0 0 0 0 0 0 0 0 0 0 0 0 0 0 0 0 0 0 0 0 0 0 0 0 0 0 0 0 0 0 0 0 0 0 0 0 0 0 0 0 0 0 0 0 0 0 0 0 0 0 0 0 0 0 0 0 0 0 0 0 0 0 0 0 0 0 0 0 0 0 0 0 0 0 0 0 0 0 0 0 0 0 0 0 0 0 0 0 0 0 0 0 0 0 0 0 0 0 0 0 0 0 0 0 0 0 0 0 0 0 0 0 0 0 0 0 0 0 0 0 0 0 0 0 0 0 0 0 0 0 0 0 0 0 0 0 0 0 0 0 0 0 0 0 0 0 0 0 0 0 0 0 0 0 0 0 0 0 0 0 0 0 0 0 0 0 0 0 0 0 0 0 0 0 0 0 0 35 36 22 5 6 7 0 9 22 9 22 9 22 9 22 9 22 49 48 9 22 9 22 9 9 36 22 1 2 1 2 
0 0 0 0 0 0 0 0 0 0 0 0 0 0 0 0 0 0 0 0 0 0 0 0 0 0 0 0 0 0 0 0 0 0 0 0 0 0 0 0 0 0 0 0 0 0 0 0 0 0 0 0 0 0 0 0 0 0 0 0 0 0 0 0 0 0 0 0 0 0 0 0 0 0 0 0 0 0 0 0 0 0 0 0 0 0 0 0 0 0 0 0 0 0 0 0 0 0 0 0 0 0 0 0 0 0 0 0 0 0 0 0 0 0 0 0 0 0 0 0 0 0 0 0 0 0 0 0 0 0 0 0 0 0 0 0 0 0 0 0 0 0 0 0 0 0 0 0 0 0 0 0 0 0 0 0 0 0 0 0 0 0 0 0 0 0 0 0 0 0 0 0 0 0 0 0 0 0 0 0 0 0 0 0 0 0 0 0 0 0 0 0 0 0 0 0 0 0 0 0 0 0 0 0 0 0 0 0 0 0 0 0 0 0 0 0 0 0 0 0 0 0 0 0 0 37 38 9 5 6 7 0 8 9 8 9 8 9 8 9 8 49 48 9 8 9 8 9 9 50 38 9 10 11 10 11 
0 0 0 0 0 0 0 0 0 0 0 0 0 0 0 0 0 0 0 0 0 0 0 0 0 0 0 0 0 0 0 0 0 0 0 0 0 0 0 0 0 0 0 0 0 0 0 0 0 0 0 0 0 0 0 0 0 0 0 0 0 0 0 0 0 0 0 0 0 0 0 0 0 0 0 0 0 0 0 0 0 0 0 0 0 0 0 0 0 0 0 0 0 0 0 0 0 0 0 0 0 0 0 0 0 0 0 0 0 0 0 0 0 0 0 0 0 0 0 0 0 0 0 0 0 0 0 0 0 0 0 0 0 0 0 0 0 0 0 0 0 0 0 0 0 0 0 0 0 0 0 0 0 0 0 0 0 0 0 0 0 0 0 0 0 0 0 0 0 0 0 0 0 0 0 0 0 0 0 0 0 0 0 0 0 0 0 0 0 0 0 0 0 0 0 0 0 0 0 0 0 0 0 0 0 0 0 0 0 0 0 0 0 0 0 0 0 0 0 0 0 0 0 0 0 35 39 36 5 6 7 0 9 22 9 22 9 22 9 22 49 48 9 22 9 22 9 22 50 44 39 38 1 2 1 2 
0 0 0 0 0 0 0 0 0 0 0 0 0 0 0 0 0 0 0 0 0 0 0 0 0 0 0 0 0 0 0 0 0 0 0 0 0 0 0 0 0 0 0 0 0 0 0 0 0 0 0 0 0 0 0 0 0 0 0 0 0 0 0 0 0 0 0 0 0 0 0 0 0 0 0 0 0 0 0 0 0 0 0 0 0 0 0 0 0 0 0 0 0 0 0 0 0 0 0 0 0 0 0 0 0 0 0 0 0 0 0 0 0 0 0 0 0 0 0 0 0 0 0 0 0 0 0 0 0 0 0 0 0 0 0 0 0 0 0 0 0 0 0 0 0 0 0 0 0 0 0 0 0 0 0 0 0 0 0 0 0 0 0 0 0 0 0 0 0 0 0 0 0 0 0 0 0 0 0 0 0 0 0 0 0 0 0 0 0 0 0 0 0 0 0 0 0 0 0 0 0 0 0 0 0 0 0 0 0 0 0 0 0 0 0 0 0 0 0 0 0 0 0 0 0 40 41 42 5 6 7 0 8 9 8 9 8 9 8 9 48 9 8 9 8 9 8 9 41 43 41 42 10 11 10 11 
0 0 0 0 0 0 0 0 0 0 0 0 0 0 0 0 0 0 0 0 0 0 0 0 0 0 0 0 0 0 0 0 0 0 0 0 0 0 0 0 0 0 0 0 0 0 0 0 0 0 0 0 0 0 0 0 0 0 0 0 0 0 0 0 0 0 0 0 0 0 0 0 0 0 0 0 0 0 0 0 0 0 0 0 0 0 0 0 0 0 0 0 0 0 0 0 0 0 0 0 0 0 0 0 0 0 0 0 0 0 0 0 0 0 0 0 0 0 0 0 0 0 0 0 0 0 0 0 0 0 0 0 0 0 0 0 0 0 0 0 0 0 0 0 0 0 0 0 0 0 0 0 0 0 0 0 0 0 0 0 0 0 0 0 0 0 0 0 0 0 0 0 0 0 0 0 0 0 0 0 0 0 0 0 0 0 0 0 0 0 0 0 0 0 0 0 0 0 0 0 0 0 0 0 0 0 0 0 0 0 0 0 0 0 0 0 0 0 0 0 0 0 0 0 0 37 43 44 5 6 7 0 50 44 39 38 9 22 49 48 9 9 36 22 9 9 36 22 50 44 39 38 1 2 1 2 
0 0 0 0 0 0 0 0 0 0 0 0 0 0 0 0 0 0 0 0 0 0 0 0 0 0 0 0 0 0 0 0 0 0 0 0 0 0 0 0 0 0 0 0 0 0 0 0 0 0 0 0 0 0 0 0 0 0 0 0 0 0 0 0 0 0 0 0 0 0 0 0 0 0 0 0 0 0 0 0 0 0 0 0 0 0 0 0 0 0 0 0 0 0 0 0 0 0 0 0 0 0 0 0 0 0 0 0 0 0 0 0 0 0 0 0 0 0 0 0 0 0 0 0 0 0 0 0 0 0 0 0 0 0 0 0 0 0 0 0 0 0 0 0 0 0 0 0 0 0 0 0 0 0 0 0 0 0 0 0 0 0 0 0 0 0 0 0 0 0 0 0 0 0 0 0 0 0 0 0 0 0 0 0 0 0 0 0 0 0 0 0 0 0 0 0 0 0 0 0 0 0 0 0 0 0 0 0 0 0 0 0 0 0 0 0 0 0 0 0 0 0 0 0 0 35 41 43 5 6 7 0 41 43 41 42 8 49 48 9 8 50 38 36 8 50 38 36 41 43 41 42 10 11 10 11 
0 0 0 0 0 0 0 0 0 0 0 0 0 0 0 0 0 0 0 0 0 0 0 0 0 0 0 0 0 0 0 0 0 0 0 0 0 0 0 0 0 0 0 0 0 0 0 0 0 0 0 0 0 0 0 0 0 0 0 0 0 0 0 0 0 0 0 0 0 0 0 0 0 0 0 0 0 0 0 0 0 0 0 0 0 0 0 0 0 0 0 0 0 0 0 0 0 0 0 0 0 0 0 0 0 0 0 0 0 0 0 0 0 0 0 0 0 0 0 0 0 0 0 0 0 0 0 0 0 0 0 0 0 0 0 0 0 0 0 0 0 0 0 0 0 0 0 0 0 0 0 0 0 0 0 0 0 0 0 0 0 0 0 0 0 0 0 0 0 0 0 0 0 0 0 0 0 0 0 0 0 0 0 0 0 0 0 0 0 0 0 0 0 0 0 0 0 0 0 0 0 0 0 0 0 0 0 0 0 0 0 0 0 0 0 0 0 0 0 0 0 0 0 0 1 2 1 2 1 2 1 2 1 2 1 2 1 2 1 2 1 2 1 2 1 2 1 2 1 2 1 2 1 2 1 2 
0 0 0 0 0 0 0 0 0 0 0 0 0 0 0 0 0 0 0 0 0 0 0 0 0 0 0 0 0 0 0 0 0 0 0 0 0 0 0 0 0 0 0 0 0 0 0 0 0 0 0 0 0 0 0 0 0 0 0 0 0 0 0 0 0 0 0 0 0 0 0 0 0 0 0 0 0 0 0 0 0 0 0 0 0 0 0 0 0 0 0 0 0 0 0 0 0 0 0 0 0 0 0 0 0 0 0 0 0 0 0 0 0 0 0 0 0 0 0 0 0 0 0 0 0 0 0 0 0 0 0 0 0 0 0 0 0 0 0 0 0 0 0 0 0 0 0 0 0 0 0 0 0 0 0 0 0 0 0 0 0 0 0 0 0 0 0 0 0 0 0 0 0 0 0 0 0 0 0 0 0 0 0 0 0 0 0 0 0 0 0 0 0 0 0 0 0 0 0 0 0 0 0 0 0 0 0 0 0 0 0 0 0 0 0 0 0 0 0 0 0 0 0 0 10 11 10 11 10 11 10 11 10 11 10 11 10 11 10 11 10 11 10 11 10 11 10 11 10 11 10 11 10 11 10 11 
0 0 0 0 0 0 0 0 0 0 0 0 0 0 0 0 0 0 0 0 0 0 0 0 0 0 0 0 0 0 0 0 0 0 0 0 0 0 0 0 0 0 0 0 0 0 0 0 0 0 0 0 0 0 0 0 0 0 0 0 0 0 0 0 0 0 0 0 0 0 0 0 0 0 0 0 0 0 0 0 0 0 0 0 0 0 0 0 0 0 0 0 0 0 0 0 0 0 0 0 0 0 0 0 0 0 0 0 0 0 0 0 0 0 0 0 0 0 0 0 0 0 0 0 0 0 0 0 0 0 0 0 0 0 0 0 0 0 0 0 0 0 0 0 0 0 0 0 0 0 0 0 0 0 0 0 0 0 0 0 0 0 0 0 0 0 0 0 0 0 0 0 0 0 0 0 0 0 0 0 0 0 0 0 0 0 0 0 0 0 0 0 0 0 0 0 0 0 0 0 0 0 0 0 0 0 0 0 0 0 0 0 0 0 0 0 0 0 0 0 0 0 0 0 0 0 0 0 0 0 0 0 0 0 0 0 0 0 0 0 0 0 0 0 0 0 0 0 0 0 0 0 0 0 0 0 
0 0 0 0 0 0 0 0 0 0 0 0 0 0 0 0 0 0 0 0 0 0 0 0 0 0 0 0 0 0 0 0 0 0 0 0 0 0 0 0 0 0 0 0 0 0 0 0 0 0 0 0 0 0 0 0 0 0 0 0 0 0 0 0 0 0 0 0 0 0 0 0 0 0 0 0 0 0 0 0 0 0 0 0 0 0 0 0 0 0 0 0 0 0 0 0 0 0 0 0 0 0 0 0 0 0 0 0 0 0 0 0 0 0 0 0 0 0 0 0 0 0 0 0 0 0 0 0 0 0 0 0 0 0 0 0 0 0 0 0 0 0 0 0 0 0 0 0 0 0 0 0 0 0 0 0 0 0 0 0 0 0 0 0 0 0 0 0 0 0 0 0 0 0 0 0 0 0 0 0 0 0 0 0 0 0 0 0 0 0 0 0 0 0 0 0 0 0 0 0 0 0 0 0 0 0 0 0 0 0 0 0 0 0 0 0 0 0 0 0 0 0 0 0 0 0 0 0 0 0 0 0 0 0 0 0 0 0 0 0 0 0 0 0 0 0 0 0 0 0 0 0 0 0 0 0 
