13	0	2048	2048	2048	0
14	2048	2048	2048	2048	0
1133	0	1536	512	512	0
1134	512	1536	512	512	0
11313	0	1280	256	256	0
11314	256	1280	256	256	1	65
11311	0	1024	256	256	0
11312	256	1024	256	256	0
1131	0	1024	512	512	0
1132	512	1024	512	512	0
113	0	1024	1024	1024	0
1143	1024	1536	512	512	0
1144	1536	1536	512	512	0
1141	1024	1024	512	512	0
11423	1536	1280	256	256	0
11424	1792	1280	256	256	0
11421	1536	1024	256	256	2	21	25
11422	1792	1024	256	256	2	25	120
1142	1536	1024	512	512	0
114	1024	1024	1024	1024	0
11133	0	768	256	256	0
11134	256	768	256	256	0
11131	0	512	256	256	2	2	3
11132	256	512	256	256	8	2	3	4	5	9	158	161	162
1113	0	512	512	512	0
11143	512	768	256	256	0
11144	768	768	256	256	0
11141	512	512	256	256	13	2	6	9	11	153	154	155	156	157	159	160	161	162
11142	768	512	256	256	10	2	7	8	11	149	150	151	152	159	162
1114	512	512	512	512	0
11113	0	256	256	256	2	1	194
11114	256	256	256	256	5	1	10	179	181	194
11111	0	0	256	256	1	0
11112	256	0	256	256	4	179	180	181	182
1111	0	0	512	512	0
11123	512	256	256	256	6	10	160	173	175	176	179
11124	768	256	256	256	5	10	171	175	176	177
11121	512	0	256	256	6	173	174	175	176	179	180
11122	768	0	256	256	5	171	172	175	176	177
1112	512	0	512	512	0
111	0	0	1024	1024	0
11233	1024	768	256	256	1	12
11234	1280	768	256	256	2	12	18
11231	1024	512	256	256	7	2	11	145	146	147	148	159
11232	1280	512	256	256	10	11	15	16	18	19	20	142	143	186	196
1123	1024	512	512	512	0
11243	1536	768	256	256	13	21	22	23	24	25	28	106	107	116	117	118	119	197
11244	1792	768	256	256	13	25	28	29	102	103	102	105	116	117	118	119	120	197
11241	1536	512	256	256	13	19	20	26	112	113	113	116	117	118	119	136	137	199
11242	1792	512	256	256	15	26	30	114	116	117	118	119	120	136	137	138	139	140	141	141
1124	1536	512	512	512	0
11213	1024	256	256	256	7	10	167	169	175	176	177	178
11214	1280	256	256	256	12	10	13	14	15	17	19	163	165	175	176	177	178
11211	1024	0	256	256	8	167	168	169	170	175	176	177	178
11212	1280	0	256	256	9	14	163	164	165	166	175	176	177	178
1121	1024	0	512	512	0
11223	1536	256	256	256	6	19	136	137	176	177	178
11224	1792	256	256	256	5	136	137	138	139	178
11221	1536	0	256	256	3	176	177	178
11222	1792	0	256	256	1	178
1122	1536	0	512	512	0
112	1024	0	1024	1024	0
11	0	0	2048	2048	0
1233	2048	1536	512	512	0
1234	2560	1536	512	512	0
12313	2048	1280	256	256	0
12314	2304	1280	256	256	0
12311	2048	1024	256	256	4	25	120	121	184
12312	2304	1024	256	256	3	120	121	184
1231	2048	1024	512	512	0
12323	2560	1280	256	256	0
12324	2816	1280	256	256	0
12321	2560	1024	256	256	3	120	121	184
12322	2816	1024	256	256	3	120	121	184
1232	2560	1024	512	512	0
123	2048	1024	1024	1024	0
12433	3072	1792	256	256	1	85
12434	3328	1792	256	256	1	85
12431	3072	1536	256	256	1	85
12432	3328	1536	256	256	1	85
1243	3072	1536	512	512	0
12443	3584	1792	256	256	1	85
12444	3840	1792	256	256	1	85
12441	3584	1536	256	256	3	52	53	85
12442	3840	1536	256	256	4	52	53	85	193
1244	3584	1536	512	512	0
12413	3072	1280	256	256	1	85
12414	3328	1280	256	256	1	85
12411	3072	1024	256	256	7	40	41	85	120	121	184	198
12412	3328	1024	256	256	5	41	85	120	121	198
1241	3072	1024	512	512	0
12423	3584	1280	256	256	10	49	54	55	56	59	60	63	64	85	185
12424	3840	1280	256	256	15	49	50	51	54	56	57	58	61	62	85	189	190	191	192	193
12421	3584	1024	256	256	13	43	44	45	46	49	64	74	76	85	120	121	185	188
12422	3840	1024	256	256	11	45	47	48	49	50	61	62	76	85	120	121
1242	3584	1024	512	512	0
124	3072	1024	1024	1024	0
12133	2048	768	256	256	16	25	32	98	99	100	101	108	116	117	118	119	120	121	124	184	197
12134	2304	768	256	256	12	37	94	95	96	97	108	109	120	121	124	184	197
12131	2048	512	256	256	19	26	27	30	31	116	117	118	119	120	121	122	123	125	126	134	135	137	138	139
12132	2304	512	256	256	14	27	33	37	120	121	125	126	127	132	133	137	138	139	201
1213	2048	512	512	512	0
12143	2560	768	256	256	12	37	90	91	92	93	108	109	110	111	120	121	184
12144	2816	768	256	256	13	37	86	87	88	89	108	109	110	111	120	121	183	184
12141	2560	512	256	256	14	33	34	36	37	120	121	128	129	130	131	139	187	195	201
12142	2816	512	256	256	8	35	37	120	121	183	187	195	200
1214	2560	512	512	512	0
12113	2048	256	256	256	3	137	138	139
12114	2304	256	256	256	3	137	138	139
12111	2048	0	256	256	0
12112	2304	0	256	256	0
1211	2048	0	512	512	0
12123	2560	256	256	256	3	130	131	139
12124	2816	256	256	256	1	183
12121	2560	0	256	256	0
12122	2816	0	256	256	0
1212	2560	0	512	512	0
121	2048	0	1024	1024	0
12233	3072	768	256	256	12	39	41	82	83	84	85	109	110	111	120	121	184
12234	3328	768	256	256	10	41	42	78	79	78	84	85	111	120	121
12231	3072	512	256	256	3	38	120	121
12232	3328	512	256	256	2	120	121
1223	3072	512	512	512	0
12243	3584	768	256	256	13	42	45	70	71	72	73	75	76	77	85	120	121	188
12244	3840	768	256	256	11	45	48	66	67	68	69	76	81	85	120	121
12241	3584	512	256	256	2	120	121
12242	3840	512	256	256	2	120	121
1224	3584	512	512	512	0
1221	3072	0	512	512	0
1222	3584	0	512	512	0
122	3072	0	1024	1024	0
12	2048	0	2048	2048	0
1	0	0	4096	4096	0
