13	0	3584	3584	3584	0
14	3584	3584	3584	3584	0
113	0	1792	1792	1792	0
114	1792	1792	1792	1792	0
11133	0	1344	448	448	0
11134	448	1344	448	448	0
111313	0	1120	224	224	6	20	21	22	87	88	131
111314	224	1120	224	224	5	22	23	89	90	131
111311	0	896	224	224	10	20	21	24	43	87	88	127	128	129	131
111312	224	896	224	224	8	24	43	85	86	127	128	129	131
11131	0	896	448	448	0
111323	448	1120	224	224	6	23	25	89	90	91	92
111324	672	1120	224	224	6	23	26	93	94	95	96
111321	448	896	224	224	4	25	127	128	129
111322	672	896	224	224	4	26	127	128	129
11132	448	896	448	448	0
1113	0	896	896	896	0
11143	896	1344	448	448	0
11144	1344	1344	448	448	0
111413	896	1120	224	224	6	23	26	97	98	99	100
111414	1120	1120	224	224	6	23	101	102	103	104	160
111411	896	896	224	224	4	26	127	128	129
111412	1120	896	224	224	3	127	128	129
11141	896	896	448	448	0
111423	1344	1120	224	224	4	23	103	104	160
111424	1568	1120	224	224	0
111421	1344	896	224	224	5	105	106	127	128	129
111422	1568	896	224	224	0
11142	1344	896	448	448	0
1114	896	896	896	896	0
111133	0	672	224	224	10	0	1	2	20	41	42	43	127	128	129
111134	224	672	224	224	16	3	5	41	43	55	56	127	128	129	132	133	134	135	136	137	164
111131	0	448	224	224	1	0
111132	224	448	224	224	9	3	53	54	132	133	134	135	136	137
11113	0	448	448	448	0
111143	448	672	224	224	16	4	5	55	56	57	58	127	128	129	132	133	134	135	136	137	164
111144	672	672	224	224	19	6	9	44	59	60	61	62	63	64	127	128	129	132	133	134	135	136	137	164
111141	448	448	224	224	7	4	132	133	134	135	136	137
111142	672	448	224	224	8	63	64	132	133	134	135	136	137
11114	448	448	448	448	0
111113	0	224	224	224	0
111114	224	224	224	224	0
111111	0	0	224	224	0
111112	224	0	224	224	1	130
11111	0	0	448	448	0
111123	448	224	224	224	0
111124	672	224	224	224	0
111121	448	0	224	224	1	130
111122	672	0	224	224	1	130
11112	448	0	448	448	0
1111	0	0	896	896	0
111233	896	672	224	224	18	7	8	9	10	65	66	67	68	127	128	129	132	133	134	135	136	137	164
111234	1120	672	224	224	16	12	45	69	70	71	72	127	128	129	132	133	134	135	136	137	164
111231	896	448	224	224	8	10	11	132	133	134	135	136	137
111232	1120	448	224	224	8	11	45	132	133	134	135	136	137
11123	896	448	448	448	0
111243	1344	672	224	224	17	12	13	14	16	51	71	72	127	128	129	132	133	134	135	136	137	164
111244	1568	672	224	224	6	16	77	78	138	139	140
111241	1344	448	224	224	10	15	51	73	74	132	133	134	135	136	137
111242	1568	448	224	224	8	17	75	76	77	78	138	139	140
11124	1344	448	448	448	0
111213	896	224	224	224	0
111214	1120	224	224	224	0
111211	896	0	224	224	1	130
111212	1120	0	224	224	1	130
11121	896	0	448	448	0
111223	1344	224	224	224	0
111224	1568	224	224	224	0
111221	1344	0	224	224	1	130
111222	1568	0	224	224	0
11122	1344	0	448	448	0
1112	896	0	896	896	0
111	0	0	1792	1792	0
1123	1792	896	896	896	0
1124	2688	896	896	896	0
112133	1792	672	224	224	4	16	138	139	140
112134	2016	672	224	224	4	16	138	139	140
112131	1792	448	224	224	3	138	139	140
112132	2016	448	224	224	3	138	139	140
11213	1792	448	448	448	0
112143	2240	672	224	224	5	16	138	139	140	141
112144	2464	672	224	224	6	16	46	138	139	140	141
112141	2240	448	224	224	4	138	139	140	141
112142	2464	448	224	224	6	79	80	138	139	140	141
11214	2240	448	448	448	0
11211	1792	0	448	448	0
112123	2240	224	224	224	0
112124	2464	224	224	224	3	27	47	50
112121	2240	0	224	224	0
112122	2464	0	224	224	0
11212	2240	0	448	448	0
1121	1792	0	896	896	0
112233	2688	672	224	224	10	16	46	81	82	83	84	138	139	140	141
112234	2912	672	224	224	3	16	19	141
112231	2688	448	224	224	10	18	49	81	82	83	84	138	139	140	141
112232	2912	448	224	224	3	18	19	141
11223	2688	448	448	448	0
11224	3136	448	448	448	0
112213	2688	224	224	224	7	47	50	107	108	142	143	144
112214	2912	224	224	224	4	47	142	143	144
112211	2688	0	224	224	5	109	110	142	143	144
112212	2912	0	224	224	5	111	112	142	143	144
11221	2688	0	448	448	0
112223	3136	224	224	224	6	47	142	143	144	145	163
112224	3360	224	224	224	5	28	142	143	144	163
112221	3136	0	224	224	5	111	112	142	143	144
112222	3360	0	224	224	3	142	143	144
11222	3136	0	448	448	0
1122	2688	0	896	896	0
112	1792	0	1792	1792	0
11	0	0	3584	3584	0
123	3584	1792	1792	1792	0
124	5376	1792	1792	1792	0
1213	3584	896	896	896	0
1214	4480	896	896	896	0
12113	3584	448	448	448	0
12114	4032	448	448	448	0
121113	3584	224	224	224	7	28	29	142	143	144	146	163
121114	3808	224	224	224	11	29	30	31	113	114	115	116	142	143	144	146
121111	3584	0	224	224	3	142	143	144
121112	3808	0	224	224	8	32	113	114	115	116	142	143	144
12111	3584	0	448	448	0
121123	4032	224	224	224	14	31	52	115	116	117	118	147	148	149	150	151	152	153	154
121124	4256	224	224	224	9	31	147	148	149	150	151	152	153	154
121121	4032	0	224	224	14	32	52	115	116	117	118	147	148	149	150	151	152	153	154
121122	4256	0	224	224	8	147	148	149	150	151	152	153	154
12112	4032	0	448	448	0
1211	3584	0	896	896	0
12123	4480	448	448	448	0
12124	4928	448	448	448	0
121213	4480	224	224	224	9	31	147	148	149	150	151	152	153	154
121214	4704	224	224	224	10	31	147	148	149	150	151	152	153	154	155
121211	4480	0	224	224	8	147	148	149	150	151	152	153	154
121212	4704	0	224	224	9	147	148	149	150	151	152	153	154	155
12121	4480	0	448	448	0
121223	4928	224	224	224	10	31	147	148	149	150	151	152	153	154	155
121224	5152	224	224	224	9	31	147	148	149	150	151	152	153	154
121221	4928	0	224	224	9	147	148	149	150	151	152	153	154	155
121222	5152	0	224	224	8	147	148	149	150	151	152	153	154
12122	4928	0	448	448	0
1212	4480	0	896	896	0
121	3584	0	1792	1792	0
1223	5376	896	896	896	0
1224	6272	896	896	896	0
12213	5376	448	448	448	0
12214	5824	448	448	448	0
122113	5376	224	224	224	11	31	147	148	149	150	151	152	153	154	156	162
122114	5600	224	224	224	11	31	33	147	148	149	150	151	152	153	154	162
122111	5376	0	224	224	9	147	148	149	150	151	152	153	154	156
122112	5600	0	224	224	8	147	148	149	150	151	152	153	154
12211	5376	0	448	448	0
122123	5824	224	224	224	11	34	35	147	148	149	150	151	152	153	154	162
122124	6048	224	224	224	9	35	147	148	149	150	151	152	153	154
122121	5824	0	224	224	8	147	148	149	150	151	152	153	154
122122	6048	0	224	224	8	147	148	149	150	151	152	153	154
12212	5824	0	448	448	0
1221	5376	0	896	896	0
122233	6272	672	224	224	0
122234	6496	672	224	224	0
122231	6272	448	224	224	0
122232	6496	448	224	224	2	158	159
12223	6272	448	448	448	0
122243	6720	672	224	224	1	39
122244	6944	672	224	224	0
122241	6720	448	224	224	3	39	158	159
122242	6944	448	224	224	2	158	159
12224	6720	448	448	448	0
122213	6272	224	224	224	10	35	147	148	149	150	151	152	153	154	157
122214	6496	224	224	224	8	35	37	38	40	119	120	158	159
122211	6272	0	224	224	9	147	148	149	150	151	152	153	154	157
122212	6496	0	224	224	3	36	119	120
12221	6272	0	448	448	0
122223	6720	224	224	224	8	37	38	40	48	121	122	158	159
122224	6944	224	224	224	8	40	123	124	125	126	158	159	161
122221	6720	0	224	224	0
122222	6944	0	224	224	1	161
12222	6720	0	448	448	0
1222	6272	0	896	896	0
122	5376	0	1792	1792	0
12	3584	0	3584	3584	0
1	0	0	7168	7168	0
